Timestamp,Interface Name,Point ID,Flow (MWH),Positive Limit (MWH),Negative Limit (MWH)
04/02/2016 00:00,CENTRAL EAST - VC,23330,2456.19,2560,-9999
04/02/2016 00:00,DYSINGER EAST,23326,1175.12,3150,-9999
04/02/2016 00:00,MOSES SOUTH,23319,1288.07,2650,-1600
04/02/2016 00:00,SCH - HQ - NY,23324,756,1500,-1000
04/02/2016 00:00,SCH - HQ_CEDARS,325274,0,199,-100
04/02/2016 00:00,SCH - HQ_IMPORT_EXPORT,325376,497,1310,-9999
04/02/2016 00:00,SCH - NE - NY,23318,-441.22,1400,-1600
04/02/2016 00:00,SCH - NPX_1385,325277,44,200,-200
04/02/2016 00:00,SCH - NPX_CSC,325154,330,330,-330
04/02/2016 00:00,SCH - OH - NY,23317,674.07,1100,-1900
04/02/2016 00:00,SCH - PJ - NY,23316,-281.94,2600,-1300
04/02/2016 00:00,SCH - PJM_HTP,325905,0,0,0
04/02/2016 00:00,SCH - PJM_NEPTUNE,325305,660,660,-660
04/02/2016 00:00,SCH - PJM_VFT,325658,152,315,-315
04/02/2016 00:00,SPR/DUN-SOUTH,23320,2205.41,4600,-9999
04/02/2016 00:00,TOTAL EAST,23314,3455.37,6500,-9999
04/02/2016 00:00,UPNY CONED,23315,1977.36,4150,-9999
04/02/2016 00:00,WEST CENTRAL,23312,927.28,9999,-9999
04/02/2016 00:05,CENTRAL EAST - VC,23330,2399.89,2500,-9999
04/02/2016 00:05,DYSINGER EAST,23326,1141.12,3150,-9999
04/02/2016 00:05,MOSES SOUTH,23319,1104.41,2650,-1600
04/02/2016 00:05,SCH - HQ - NY,23324,640,1500,-1000
04/02/2016 00:05,SCH - HQ_CEDARS,325274,0,199,-100
04/02/2016 00:05,SCH - HQ_IMPORT_EXPORT,325376,381,1310,-9999
04/02/2016 00:05,SCH - NE - NY,23318,-419.29,1400,-1600
04/02/2016 00:05,SCH - NPX_1385,325277,88,200,-200
04/02/2016 00:05,SCH - NPX_CSC,325154,330,330,-330
04/02/2016 00:05,SCH - OH - NY,23317,746.1,1100,-1900
04/02/2016 00:05,SCH - PJ - NY,23316,-165.11,2600,-1300
04/02/2016 00:05,SCH - PJM_HTP,325905,0,0,0
04/02/2016 00:05,SCH - PJM_NEPTUNE,325305,660,660,-660
04/02/2016 00:05,SCH - PJM_VFT,325658,152,315,-315
04/02/2016 00:05,SPR/DUN-SOUTH,23320,2186.78,4600,-9999
04/02/2016 00:05,TOTAL EAST,23314,3332.57,6500,-9999
04/02/2016 00:05,UPNY CONED,23315,1864.96,4150,-9999
04/02/2016 00:05,WEST CENTRAL,23312,898.17,9999,-9999
04/02/2016 00:10,CENTRAL EAST - VC,23330,2391.39,2500,-9999
04/02/2016 00:10,DYSINGER EAST,23326,1005.33,3150,-9999
04/02/2016 00:10,MOSES SOUTH,23319,1095.49,2650,-1600
04/02/2016 00:10,SCH - HQ - NY,23324,640.06,1500,-1000
04/02/2016 00:10,SCH - HQ_CEDARS,325274,0,199,-100
04/02/2016 00:10,SCH - HQ_IMPORT_EXPORT,325376,381.04,1310,-9999
04/02/2016 00:10,SCH - NE - NY,23318,-419.31,1400,-1600
04/02/2016 00:10,SCH - NPX_1385,325277,88,200,-200
04/02/2016 00:10,SCH - NPX_CSC,325154,330,330,-330
04/02/2016 00:10,SCH - OH - NY,23317,739.38,1100,-1900
04/02/2016 00:10,SCH - PJ - NY,23316,-157.8,2600,-1300
04/02/2016 00:10,SCH - PJM_HTP,325905,0,0,0
04/02/2016 00:10,SCH - PJM_NEPTUNE,325305,660,660,-660
04/02/2016 00:10,SCH - PJM_VFT,325658,151.98,315,-315
04/02/2016 00:10,SPR/DUN-SOUTH,23320,2021.83,4600,-9999
04/02/2016 00:10,TOTAL EAST,23314,3277.08,6500,-9999
04/02/2016 00:10,UPNY CONED,23315,1676.14,4150,-9999
04/02/2016 00:10,WEST CENTRAL,23312,771.86,9999,-9999
04/02/2016 00:15,CENTRAL EAST - VC,23330,2454.77,2555,-9999
04/02/2016 00:15,DYSINGER EAST,23326,1061.51,3150,-9999
04/02/2016 00:15,MOSES SOUTH,23319,1085.2,2650,-1600
04/02/2016 00:15,SCH - HQ - NY,23324,640.05,1500,-1000
04/02/2016 00:15,SCH - HQ_CEDARS,325274,0,199,-100
04/02/2016 00:15,SCH - HQ_IMPORT_EXPORT,325376,381.03,1310,-9999
04/02/2016 00:15,SCH - NE - NY,23318,-352.33,1400,-1600
04/02/2016 00:15,SCH - NPX_1385,325277,88,200,-200
04/02/2016 00:15,SCH - NPX_CSC,325154,330,330,-330
04/02/2016 00:15,SCH - OH - NY,23317,744.2,1100,-1900
04/02/2016 00:15,SCH - PJ - NY,23316,-163.92,2600,-1300
04/02/2016 00:15,SCH - PJM_HTP,325905,0,0,0
04/02/2016 00:15,SCH - PJM_NEPTUNE,325305,660,660,-660
04/02/2016 00:15,SCH - PJM_VFT,325658,151.99,315,-315
04/02/2016 00:15,SPR/DUN-SOUTH,23320,2070.12,4600,-9999
04/02/2016 00:15,TOTAL EAST,23314,3376.49,6500,-9999
04/02/2016 00:15,UPNY CONED,23315,1707.65,4150,-9999
04/02/2016 00:15,WEST CENTRAL,23312,829.98,9999,-9999
04/02/2016 00:20,CENTRAL EAST - VC,23330,2386.04,2555,-9999
04/02/2016 00:20,DYSINGER EAST,23326,947.48,3150,-9999
04/02/2016 00:20,MOSES SOUTH,23319,1130.62,2650,-1600
04/02/2016 00:20,SCH - HQ - NY,23324,640.01,1500,-1000
04/02/2016 00:20,SCH - HQ_CEDARS,325274,0,199,-100
04/02/2016 00:20,SCH - HQ_IMPORT_EXPORT,325376,381,1310,-9999
04/02/2016 00:20,SCH - NE - NY,23318,-286.56,1400,-1600
04/02/2016 00:20,SCH - NPX_1385,325277,88,200,-200
04/02/2016 00:20,SCH - NPX_CSC,325154,330,330,-330
04/02/2016 00:20,SCH - OH - NY,23317,744.21,1100,-1900
04/02/2016 00:20,SCH - PJ - NY,23316,-162.43,2600,-1300
04/02/2016 00:20,SCH - PJM_HTP,325905,0,0,0
04/02/2016 00:20,SCH - PJM_NEPTUNE,325305,660,660,-660
04/02/2016 00:20,SCH - PJM_VFT,325658,151.99,315,-315
04/02/2016 00:20,SPR/DUN-SOUTH,23320,2062.48,4600,-9999
04/02/2016 00:20,TOTAL EAST,23314,3275.8,6500,-9999
04/02/2016 00:20,UPNY CONED,23315,1671.16,4150,-9999
04/02/2016 00:20,WEST CENTRAL,23312,720.26,9999,-9999
04/02/2016 00:25,CENTRAL EAST - VC,23330,2338.68,2555,-9999
04/02/2016 00:25,DYSINGER EAST,23326,931.9,3150,-9999
04/02/2016 00:25,MOSES SOUTH,23319,1166.4,2650,-1600
04/02/2016 00:25,SCH - HQ - NY,23324,640.01,1500,-1000
04/02/2016 00:25,SCH - HQ_CEDARS,325274,0,199,-100
04/02/2016 00:25,SCH - HQ_IMPORT_EXPORT,325376,381.01,1310,-9999
04/02/2016 00:25,SCH - NE - NY,23318,-288.04,1400,-1600
04/02/2016 00:25,SCH - NPX_1385,325277,88,200,-200
04/02/2016 00:25,SCH - NPX_CSC,325154,330.01,330,-330
04/02/2016 00:25,SCH - OH - NY,23317,744.2,1100,-1900
04/02/2016 00:25,SCH - PJ - NY,23316,-164.07,2600,-1300
04/02/2016 00:25,SCH - PJM_HTP,325905,0,0,0
04/02/2016 00:25,SCH - PJM_NEPTUNE,325305,659.99,660,-660
04/02/2016 00:25,SCH - PJM_VFT,325658,151.98,315,-315
04/02/2016 00:25,SPR/DUN-SOUTH,23320,2011.16,4600,-9999
04/02/2016 00:25,TOTAL EAST,23314,3226.44,6500,-9999
04/02/2016 00:25,UPNY CONED,23315,1597.68,4150,-9999
04/02/2016 00:25,WEST CENTRAL,23312,707.09,9999,-9999
04/02/2016 00:30,CENTRAL EAST - VC,23330,2269.63,2555,-9999
04/02/2016 00:30,DYSINGER EAST,23326,903.22,3150,-9999
04/02/2016 00:30,MOSES SOUTH,23319,1213.71,2650,-1600
04/02/2016 00:30,SCH - HQ - NY,23324,640.02,1500,-1000
04/02/2016 00:30,SCH - HQ_CEDARS,325274,0,199,-100
04/02/2016 00:30,SCH - HQ_IMPORT_EXPORT,325376,381.01,1310,-9999
04/02/2016 00:30,SCH - NE - NY,23318,-326.32,1400,-1600
04/02/2016 00:30,SCH - NPX_1385,325277,88,200,-200
04/02/2016 00:30,SCH - NPX_CSC,325154,330,330,-330
04/02/2016 00:30,SCH - OH - NY,23317,744.12,1100,-1900
04/02/2016 00:30,SCH - PJ - NY,23316,-201.19,2600,-1300
04/02/2016 00:30,SCH - PJM_HTP,325905,0,0,0
04/02/2016 00:30,SCH - PJM_NEPTUNE,325305,660,660,-660
04/02/2016 00:30,SCH - PJM_VFT,325658,151.99,315,-315
04/02/2016 00:30,SPR/DUN-SOUTH,23320,1910.64,4600,-9999
04/02/2016 00:30,TOTAL EAST,23314,3209.4,6500,-9999
04/02/2016 00:30,UPNY CONED,23315,1482.83,4150,-9999
04/02/2016 00:30,WEST CENTRAL,23312,679.63,9999,-9999
04/02/2016 00:35,CENTRAL EAST - VC,23330,2314.89,2555,-9999
04/02/2016 00:35,DYSINGER EAST,23326,1016.55,3150,-9999
04/02/2016 00:35,MOSES SOUTH,23319,1201.84,2650,-1600
04/02/2016 00:35,SCH - HQ - NY,23324,640,1500,-1000
04/02/2016 00:35,SCH - HQ_CEDARS,325274,0,199,-100
04/02/2016 00:35,SCH - HQ_IMPORT_EXPORT,325376,381,1310,-9999
04/02/2016 00:35,SCH - NE - NY,23318,-374.54,1400,-1600
04/02/2016 00:35,SCH - NPX_1385,325277,88,200,-200
04/02/2016 00:35,SCH - NPX_CSC,325154,330,330,-330
04/02/2016 00:35,SCH - OH - NY,23317,744.48,1100,-1900
04/02/2016 00:35,SCH - PJ - NY,23316,-233.36,2600,-1300
04/02/2016 00:35,SCH - PJM_HTP,325905,0,0,0
04/02/2016 00:35,SCH - PJM_NEPTUNE,325305,660,660,-660
04/02/2016 00:35,SCH - PJM_VFT,325658,152,315,-315
04/02/2016 00:35,SPR/DUN-SOUTH,23320,1933.83,4600,-9999
04/02/2016 00:35,TOTAL EAST,23314,3215.63,6500,-9999
04/02/2016 00:35,UPNY CONED,23315,1495.87,4150,-9999
04/02/2016 00:35,WEST CENTRAL,23312,793.07,9999,-9999
04/02/2016 00:40,CENTRAL EAST - VC,23330,2296.11,2555,-9999
04/02/2016 00:40,DYSINGER EAST,23326,955.22,3150,-9999
04/02/2016 00:40,MOSES SOUTH,23319,1207.55,2650,-1600
04/02/2016 00:40,SCH - HQ - NY,23324,640,1500,-1000
04/02/2016 00:40,SCH - HQ_CEDARS,325274,0,199,-100
04/02/2016 00:40,SCH - HQ_IMPORT_EXPORT,325376,381,1310,-9999
04/02/2016 00:40,SCH - NE - NY,23318,-375.61,1400,-1600
04/02/2016 00:40,SCH - NPX_1385,325277,88,200,-200
04/02/2016 00:40,SCH - NPX_CSC,325154,330,330,-330
04/02/2016 00:40,SCH - OH - NY,23317,744.28,1100,-1900
04/02/2016 00:40,SCH - PJ - NY,23316,-232.48,2600,-1300
04/02/2016 00:40,SCH - PJM_HTP,325905,0,0,0
04/02/2016 00:40,SCH - PJM_NEPTUNE,325305,660,660,-660
04/02/2016 00:40,SCH - PJM_VFT,325658,152,315,-315
04/02/2016 00:40,SPR/DUN-SOUTH,23320,1931.87,4600,-9999
04/02/2016 00:40,TOTAL EAST,23314,3152.42,6500,-9999
04/02/2016 00:40,UPNY CONED,23315,1467.41,4150,-9999
04/02/2016 00:40,WEST CENTRAL,23312,733.95,9999,-9999
04/02/2016 00:45,CENTRAL EAST - VC,23330,2344.58,2555,-9999
04/02/2016 00:45,DYSINGER EAST,23326,1042.41,3150,-9999
04/02/2016 00:45,MOSES SOUTH,23319,1194.79,2650,-1600
04/02/2016 00:45,SCH - HQ - NY,23324,640.02,1500,-1000
04/02/2016 00:45,SCH - HQ_CEDARS,325274,0,199,-100
04/02/2016 00:45,SCH - HQ_IMPORT_EXPORT,325376,381.02,1310,-9999
04/02/2016 00:45,SCH - NE - NY,23318,-470.59,1400,-1600
04/02/2016 00:45,SCH - NPX_1385,325277,88,200,-200
04/02/2016 00:45,SCH - NPX_CSC,325154,330,330,-330
04/02/2016 00:45,SCH - OH - NY,23317,744.19,1100,-1900
04/02/2016 00:45,SCH - PJ - NY,23316,-274.59,2600,-1300
04/02/2016 00:45,SCH - PJM_HTP,325905,0,0,0
04/02/2016 00:45,SCH - PJM_NEPTUNE,325305,660,660,-660
04/02/2016 00:45,SCH - PJM_VFT,325658,151.99,315,-315
04/02/2016 00:45,SPR/DUN-SOUTH,23320,1935.64,4600,-9999
04/02/2016 00:45,TOTAL EAST,23314,3191.52,6500,-9999
04/02/2016 00:45,UPNY CONED,23315,1439.29,4150,-9999
04/02/2016 00:45,WEST CENTRAL,23312,824.52,9999,-9999
04/02/2016 00:50,CENTRAL EAST - VC,23330,2431.48,2555,-9999
04/02/2016 00:50,DYSINGER EAST,23326,1152.87,3150,-9999
04/02/2016 00:50,MOSES SOUTH,23319,1211.98,2650,-1600
04/02/2016 00:50,SCH - HQ - NY,23324,640,1500,-1000
04/02/2016 00:50,SCH - HQ_CEDARS,325274,0,199,-100
04/02/2016 00:50,SCH - HQ_IMPORT_EXPORT,325376,381,1310,-9999
04/02/2016 00:50,SCH - NE - NY,23318,-570.05,1400,-1600
04/02/2016 00:50,SCH - NPX_1385,325277,88,200,-200
04/02/2016 00:50,SCH - NPX_CSC,325154,330,330,-330
04/02/2016 00:50,SCH - OH - NY,23317,744.11,1100,-1900
04/02/2016 00:50,SCH - PJ - NY,23316,-312.52,2600,-1300
04/02/2016 00:50,SCH - PJM_HTP,325905,0,0,0
04/02/2016 00:50,SCH - PJM_NEPTUNE,325305,660,660,-660
04/02/2016 00:50,SCH - PJM_VFT,325658,152,315,-315
04/02/2016 00:50,SPR/DUN-SOUTH,23320,1966.69,4600,-9999
04/02/2016 00:50,TOTAL EAST,23314,3242.77,6500,-9999
04/02/2016 00:50,UPNY CONED,23315,1454.64,4150,-9999
04/02/2016 00:50,WEST CENTRAL,23312,934.34,9999,-9999
04/02/2016 00:55,CENTRAL EAST - VC,23330,2394.77,2495,-9999
04/02/2016 00:55,DYSINGER EAST,23326,1182.26,3150,-9999
04/02/2016 00:55,MOSES SOUTH,23319,1166.38,2650,-1600
04/02/2016 00:55,SCH - HQ - NY,23324,640,1500,-1000
04/02/2016 00:55,SCH - HQ_CEDARS,325274,0,199,-100
04/02/2016 00:55,SCH - HQ_IMPORT_EXPORT,325376,381,1310,-9999
04/02/2016 00:55,SCH - NE - NY,23318,-569.89,1400,-1600
04/02/2016 00:55,SCH - NPX_1385,325277,88,200,-200
04/02/2016 00:55,SCH - NPX_CSC,325154,330.01,330,-330
04/02/2016 00:55,SCH - OH - NY,23317,744.49,1100,-1900
04/02/2016 00:55,SCH - PJ - NY,23316,-313.96,2600,-1300
04/02/2016 00:55,SCH - PJM_HTP,325905,0,0,0
04/02/2016 00:55,SCH - PJM_NEPTUNE,325305,660,660,-660
04/02/2016 00:55,SCH - PJM_VFT,325658,151.99,315,-315
04/02/2016 00:55,SPR/DUN-SOUTH,23320,1933.77,4600,-9999
04/02/2016 00:55,TOTAL EAST,23314,3151.82,6500,-9999
04/02/2016 00:55,UPNY CONED,23315,1395.17,4150,-9999
04/02/2016 00:55,WEST CENTRAL,23312,966.13,9999,-9999
04/02/2016 01:00,CENTRAL EAST - VC,23330,2263.95,2370,-9999
04/02/2016 01:00,DYSINGER EAST,23326,1054.64,3150,-9999
04/02/2016 01:00,MOSES SOUTH,23319,1079.38,2650,-1600
04/02/2016 01:00,SCH - HQ - NY,23324,640.02,1500,-1000
04/02/2016 01:00,SCH - HQ_CEDARS,325274,0,199,-100
04/02/2016 01:00,SCH - HQ_IMPORT_EXPORT,325376,381.02,1310,-9999
04/02/2016 01:00,SCH - NE - NY,23318,-613.63,1400,-1600
04/02/2016 01:00,SCH - NPX_1385,325277,66,200,-200
04/02/2016 01:00,SCH - NPX_CSC,325154,330.01,330,-330
04/02/2016 01:00,SCH - OH - NY,23317,682.37,1100,-1900
04/02/2016 01:00,SCH - PJ - NY,23316,-310.15,2600,-1300
04/02/2016 01:00,SCH - PJM_HTP,325905,0,0,0
04/02/2016 01:00,SCH - PJM_NEPTUNE,325305,660,660,-660
04/02/2016 01:00,SCH - PJM_VFT,325658,151.99,315,-315
04/02/2016 01:00,SPR/DUN-SOUTH,23320,1655.11,4600,-9999
04/02/2016 01:00,TOTAL EAST,23314,3016.07,6500,-9999
04/02/2016 01:00,UPNY CONED,23315,1081.45,4150,-9999
04/02/2016 01:00,WEST CENTRAL,23312,846.49,9999,-9999
04/02/2016 01:05,CENTRAL EAST - VC,23330,2264.33,2370,-9999
04/02/2016 01:05,DYSINGER EAST,23326,1027.59,3150,-9999
04/02/2016 01:05,MOSES SOUTH,23319,1085.63,2650,-1600
04/02/2016 01:05,SCH - HQ - NY,23324,640.02,1500,-1000
04/02/2016 01:05,SCH - HQ_CEDARS,325274,0,199,-100
04/02/2016 01:05,SCH - HQ_IMPORT_EXPORT,325376,381.02,1310,-9999
04/02/2016 01:05,SCH - NE - NY,23318,-658.5,1400,-1600
04/02/2016 01:05,SCH - NPX_1385,325277,44,200,-200
04/02/2016 01:05,SCH - NPX_CSC,325154,330.01,330,-330
04/02/2016 01:05,SCH - OH - NY,23317,620.46,1100,-1900
04/02/2016 01:05,SCH - PJ - NY,23316,-306.27,2600,-1300
04/02/2016 01:05,SCH - PJM_HTP,325905,0,0,0
04/02/2016 01:05,SCH - PJM_NEPTUNE,325305,660,660,-660
04/02/2016 01:05,SCH - PJM_VFT,325658,151.99,315,-315
04/02/2016 01:05,SPR/DUN-SOUTH,23320,1616.83,4600,-9999
04/02/2016 01:05,TOTAL EAST,23314,3010.13,6500,-9999
04/02/2016 01:05,UPNY CONED,23315,1047.22,4150,-9999
04/02/2016 01:05,WEST CENTRAL,23312,825.98,9999,-9999
04/02/2016 01:10,CENTRAL EAST - VC,23330,2267.48,2370,-9999
04/02/2016 01:10,DYSINGER EAST,23326,1080.84,3150,-9999
04/02/2016 01:10,MOSES SOUTH,23319,1071.32,2650,-1600
04/02/2016 01:10,SCH - HQ - NY,23324,640.02,1500,-1000
04/02/2016 01:10,SCH - HQ_CEDARS,325274,0,199,-100
04/02/2016 01:10,SCH - HQ_IMPORT_EXPORT,325376,381.01,1310,-9999
04/02/2016 01:10,SCH - NE - NY,23318,-658.78,1400,-1600
04/02/2016 01:10,SCH - NPX_1385,325277,44,200,-200
04/02/2016 01:10,SCH - NPX_CSC,325154,330,330,-330
04/02/2016 01:10,SCH - OH - NY,23317,620.91,1100,-1900
04/02/2016 01:10,SCH - PJ - NY,23316,-302.31,2600,-1300
04/02/2016 01:10,SCH - PJM_HTP,325905,0,0,0
04/02/2016 01:10,SCH - PJM_NEPTUNE,325305,660,660,-660
04/02/2016 01:10,SCH - PJM_VFT,325658,151.99,315,-315
04/02/2016 01:10,SPR/DUN-SOUTH,23320,1646.23,4600,-9999
04/02/2016 01:10,TOTAL EAST,23314,2992.25,6500,-9999
04/02/2016 01:10,UPNY CONED,23315,1029.96,4150,-9999
04/02/2016 01:10,WEST CENTRAL,23312,879.18,9999,-9999
04/02/2016 01:15,CENTRAL EAST - VC,23330,2271.66,2370,-9999
04/02/2016 01:15,DYSINGER EAST,23326,1082.08,3150,-9999
04/02/2016 01:15,MOSES SOUTH,23319,1057.25,2650,-1600
04/02/2016 01:15,SCH - HQ - NY,23324,640.02,1500,-1000
04/02/2016 01:15,SCH - HQ_CEDARS,325274,0,199,-100
04/02/2016 01:15,SCH - HQ_IMPORT_EXPORT,325376,381.01,1310,-9999
04/02/2016 01:15,SCH - NE - NY,23318,-627.9,1400,-1600
04/02/2016 01:15,SCH - NPX_1385,325277,44,200,-200
04/02/2016 01:15,SCH - NPX_CSC,325154,330,330,-330
04/02/2016 01:15,SCH - OH - NY,23317,620.47,1100,-1900
04/02/2016 01:15,SCH - PJ - NY,23316,-304.54,2600,-1300
04/02/2016 01:15,SCH - PJM_HTP,325905,0,0,0
04/02/2016 01:15,SCH - PJM_NEPTUNE,325305,660,660,-660
04/02/2016 01:15,SCH - PJM_VFT,325658,151.99,315,-315
04/02/2016 01:15,SPR/DUN-SOUTH,23320,1734.51,4600,-9999
04/02/2016 01:15,TOTAL EAST,23314,3044.62,6500,-9999
04/02/2016 01:15,UPNY CONED,23315,1129.11,4150,-9999
04/02/2016 01:15,WEST CENTRAL,23312,880.4,9999,-9999
04/02/2016 01:20,CENTRAL EAST - VC,23330,2183.96,2285,-9999
04/02/2016 01:20,DYSINGER EAST,23326,973.66,3150,-9999
04/02/2016 01:20,MOSES SOUTH,23319,997.41,2650,-1600
04/02/2016 01:20,SCH - HQ - NY,23324,640.06,1500,-1000
04/02/2016 01:20,SCH - HQ_CEDARS,325274,0,199,-100
04/02/2016 01:20,SCH - HQ_IMPORT_EXPORT,325376,381.04,1310,-9999
04/02/2016 01:20,SCH - NE - NY,23318,-597.13,1400,-1600
04/02/2016 01:20,SCH - NPX_1385,325277,44,200,-200
04/02/2016 01:20,SCH - NPX_CSC,325154,330,330,-330
04/02/2016 01:20,SCH - OH - NY,23317,620.4,1100,-1900
04/02/2016 01:20,SCH - PJ - NY,23316,-303.49,2600,-1300
04/02/2016 01:20,SCH - PJM_HTP,325905,0,0,0
04/02/2016 01:20,SCH - PJM_NEPTUNE,325305,659.99,660,-660
04/02/2016 01:20,SCH - PJM_VFT,325658,151.98,315,-315
04/02/2016 01:20,SPR/DUN-SOUTH,23320,1716.26,4600,-9999
04/02/2016 01:20,TOTAL EAST,23314,2881.55,6500,-9999
04/02/2016 01:20,UPNY CONED,23315,1072.81,4150,-9999
04/02/2016 01:20,WEST CENTRAL,23312,775.26,9999,-9999
04/02/2016 01:25,CENTRAL EAST - VC,23330,2185.01,2285,-9999
04/02/2016 01:25,DYSINGER EAST,23326,1020.82,3150,-9999
04/02/2016 01:25,MOSES SOUTH,23319,1021.93,2650,-1600
04/02/2016 01:25,SCH - HQ - NY,23324,640.04,1500,-1000
04/02/2016 01:25,SCH - HQ_CEDARS,325274,0,199,-100
04/02/2016 01:25,SCH - HQ_IMPORT_EXPORT,325376,381.03,1310,-9999
04/02/2016 01:25,SCH - NE - NY,23318,-597.28,1400,-1600
04/02/2016 01:25,SCH - NPX_1385,325277,44,200,-200
04/02/2016 01:25,SCH - NPX_CSC,325154,330,330,-330
04/02/2016 01:25,SCH - OH - NY,23317,620.43,1100,-1900
04/02/2016 01:25,SCH - PJ - NY,23316,-301.59,2600,-1300
04/02/2016 01:25,SCH - PJM_HTP,325905,0,0,0
04/02/2016 01:25,SCH - PJM_NEPTUNE,325305,660,660,-660
04/02/2016 01:25,SCH - PJM_VFT,325658,151.98,315,-315
04/02/2016 01:25,SPR/DUN-SOUTH,23320,1693.42,4600,-9999
04/02/2016 01:25,TOTAL EAST,23314,2954.9,6500,-9999
04/02/2016 01:25,UPNY CONED,23315,1063.55,4150,-9999
04/02/2016 01:25,WEST CENTRAL,23312,821.37,9999,-9999
04/02/2016 01:30,CENTRAL EAST - VC,23330,2185,2285,-9999
04/02/2016 01:30,DYSINGER EAST,23326,1030.26,3150,-9999
04/02/2016 01:30,MOSES SOUTH,23319,1010.69,2650,-1600
04/02/2016 01:30,SCH - HQ - NY,23324,640.01,1500,-1000
04/02/2016 01:30,SCH - HQ_CEDARS,325274,0,199,-100
04/02/2016 01:30,SCH - HQ_IMPORT_EXPORT,325376,381.01,1310,-9999
04/02/2016 01:30,SCH - NE - NY,23318,-669.9,1400,-1600
04/02/2016 01:30,SCH - NPX_1385,325277,44,200,-200
04/02/2016 01:30,SCH - NPX_CSC,325154,330,330,-330
04/02/2016 01:30,SCH - OH - NY,23317,620.28,1100,-1900
04/02/2016 01:30,SCH - PJ - NY,23316,-341,2600,-1300
04/02/2016 01:30,SCH - PJM_HTP,325905,0,0,0
04/02/2016 01:30,SCH - PJM_NEPTUNE,325305,660,660,-660
04/02/2016 01:30,SCH - PJM_VFT,325658,151.99,315,-315
04/02/2016 01:30,SPR/DUN-SOUTH,23320,1643.62,4600,-9999
04/02/2016 01:30,TOTAL EAST,23314,2950.83,6500,-9999
04/02/2016 01:30,UPNY CONED,23315,1003.4,4150,-9999
04/02/2016 01:30,WEST CENTRAL,23312,831.45,9999,-9999
04/02/2016 01:35,CENTRAL EAST - VC,23330,2185.52,2285,-9999
04/02/2016 01:35,DYSINGER EAST,23326,1082.53,3150,-9999
04/02/2016 01:35,MOSES SOUTH,23319,1028.09,2650,-1600
04/02/2016 01:35,SCH - HQ - NY,23324,640.02,1500,-1000
04/02/2016 01:35,SCH - HQ_CEDARS,325274,0,199,-100
04/02/2016 01:35,SCH - HQ_IMPORT_EXPORT,325376,381.01,1310,-9999
04/02/2016 01:35,SCH - NE - NY,23318,-743.68,1400,-1600
04/02/2016 01:35,SCH - NPX_1385,325277,44,200,-200
04/02/2016 01:35,SCH - NPX_CSC,325154,330,330,-330
04/02/2016 01:35,SCH - OH - NY,23317,620.39,1100,-1900
04/02/2016 01:35,SCH - PJ - NY,23316,-378.02,2600,-1300
04/02/2016 01:35,SCH - PJM_HTP,325905,0,0,0
04/02/2016 01:35,SCH - PJM_NEPTUNE,325305,660,660,-660
04/02/2016 01:35,SCH - PJM_VFT,325658,151.99,315,-315
04/02/2016 01:35,SPR/DUN-SOUTH,23320,1578.16,4600,-9999
04/02/2016 01:35,TOTAL EAST,23314,2999.88,6500,-9999
04/02/2016 01:35,UPNY CONED,23315,936.68,4150,-9999
04/02/2016 01:35,WEST CENTRAL,23312,885.29,9999,-9999
04/02/2016 01:40,CENTRAL EAST - VC,23330,2177.99,2285,-9999
04/02/2016 01:40,DYSINGER EAST,23326,992.04,3150,-9999
04/02/2016 01:40,MOSES SOUTH,23319,1072.1,2650,-1600
04/02/2016 01:40,SCH - HQ - NY,23324,640.02,1500,-1000
04/02/2016 01:40,SCH - HQ_CEDARS,325274,0,199,-100
04/02/2016 01:40,SCH - HQ_IMPORT_EXPORT,325376,381.01,1310,-9999
04/02/2016 01:40,SCH - NE - NY,23318,-743.68,1400,-1600
04/02/2016 01:40,SCH - NPX_1385,325277,44,200,-200
04/02/2016 01:40,SCH - NPX_CSC,325154,330,330,-330
04/02/2016 01:40,SCH - OH - NY,23317,620.19,1100,-1900
04/02/2016 01:40,SCH - PJ - NY,23316,-380.39,2600,-1300
04/02/2016 01:40,SCH - PJM_HTP,325905,0,0,0
04/02/2016 01:40,SCH - PJM_NEPTUNE,325305,660,660,-660
04/02/2016 01:40,SCH - PJM_VFT,325658,151.99,315,-315
04/02/2016 01:40,SPR/DUN-SOUTH,23320,1589.51,4600,-9999
04/02/2016 01:40,TOTAL EAST,23314,3002.2,6500,-9999
04/02/2016 01:40,UPNY CONED,23315,943.22,4150,-9999
04/02/2016 01:40,WEST CENTRAL,23312,798.79,9999,-9999
04/02/2016 01:45,CENTRAL EAST - VC,23330,2164.15,2285,-9999
04/02/2016 01:45,DYSINGER EAST,23326,925.99,3150,-9999
04/02/2016 01:45,MOSES SOUTH,23319,1078.13,2650,-1600
04/02/2016 01:45,SCH - HQ - NY,23324,640.02,1500,-1000
04/02/2016 01:45,SCH - HQ_CEDARS,325274,0,199,-100
04/02/2016 01:45,SCH - HQ_IMPORT_EXPORT,325376,381.01,1310,-9999
04/02/2016 01:45,SCH - NE - NY,23318,-738.96,1400,-1600
04/02/2016 01:45,SCH - NPX_1385,325277,44,200,-200
04/02/2016 01:45,SCH - NPX_CSC,325154,330,330,-330
04/02/2016 01:45,SCH - OH - NY,23317,619.88,1100,-1900
04/02/2016 01:45,SCH - PJ - NY,23316,-376.72,2600,-1300
04/02/2016 01:45,SCH - PJM_HTP,325905,0,0,0
04/02/2016 01:45,SCH - PJM_NEPTUNE,325305,660,660,-660
04/02/2016 01:45,SCH - PJM_VFT,325658,151.99,315,-315
04/02/2016 01:45,SPR/DUN-SOUTH,23320,1597.06,4600,-9999
04/02/2016 01:45,TOTAL EAST,23314,2980.64,6500,-9999
04/02/2016 01:45,UPNY CONED,23315,949.57,4150,-9999
04/02/2016 01:45,WEST CENTRAL,23312,737.01,9999,-9999
04/02/2016 01:50,CENTRAL EAST - VC,23330,2158.04,2285,-9999
04/02/2016 01:50,DYSINGER EAST,23326,913.54,3150,-9999
04/02/2016 01:50,MOSES SOUTH,23319,1078.48,2650,-1600
04/02/2016 01:50,SCH - HQ - NY,23324,640.02,1500,-1000
04/02/2016 01:50,SCH - HQ_CEDARS,325274,0,199,-100
04/02/2016 01:50,SCH - HQ_IMPORT_EXPORT,325376,381.01,1310,-9999
04/02/2016 01:50,SCH - NE - NY,23318,-734.93,1400,-1600
04/02/2016 01:50,SCH - NPX_1385,325277,44,200,-200
04/02/2016 01:50,SCH - NPX_CSC,325154,330,330,-330
04/02/2016 01:50,SCH - OH - NY,23317,620.93,1100,-1900
04/02/2016 01:50,SCH - PJ - NY,23316,-379,2600,-1300
04/02/2016 01:50,SCH - PJM_HTP,325905,0,0,0
04/02/2016 01:50,SCH - PJM_NEPTUNE,325305,660,660,-660
04/02/2016 01:50,SCH - PJM_VFT,325658,151.99,315,-315
04/02/2016 01:50,SPR/DUN-SOUTH,23320,1578.69,4600,-9999
04/02/2016 01:50,TOTAL EAST,23314,2955.04,6500,-9999
04/02/2016 01:50,UPNY CONED,23315,928.98,4150,-9999
04/02/2016 01:50,WEST CENTRAL,23312,726.79,9999,-9999
04/02/2016 01:55,CENTRAL EAST - VC,23330,2153.21,2285,-9999
04/02/2016 01:55,DYSINGER EAST,23326,910.18,3150,-9999
04/02/2016 01:55,MOSES SOUTH,23319,1075.43,2650,-1600
04/02/2016 01:55,SCH - HQ - NY,23324,640.08,1500,-1000
04/02/2016 01:55,SCH - HQ_CEDARS,325274,0,199,-100
04/02/2016 01:55,SCH - HQ_IMPORT_EXPORT,325376,381.05,1310,-9999
04/02/2016 01:55,SCH - NE - NY,23318,-735.03,1400,-1600
04/02/2016 01:55,SCH - NPX_1385,325277,44,200,-200
04/02/2016 01:55,SCH - NPX_CSC,325154,330,330,-330
04/02/2016 01:55,SCH - OH - NY,23317,620.19,1100,-1900
04/02/2016 01:55,SCH - PJ - NY,23316,-378,2600,-1300
04/02/2016 01:55,SCH - PJM_HTP,325905,0,0,0
04/02/2016 01:55,SCH - PJM_NEPTUNE,325305,659.99,660,-660
04/02/2016 01:55,SCH - PJM_VFT,325658,151.98,315,-315
04/02/2016 01:55,SPR/DUN-SOUTH,23320,1581.43,4600,-9999
04/02/2016 01:55,TOTAL EAST,23314,2912.85,6500,-9999
04/02/2016 01:55,UPNY CONED,23315,910.7,4150,-9999
04/02/2016 01:55,WEST CENTRAL,23312,723.61,9999,-9999
04/02/2016 02:00,CENTRAL EAST - VC,23330,2185.54,2285,-9999
04/02/2016 02:00,DYSINGER EAST,23326,1031.62,3150,-9999
04/02/2016 02:00,MOSES SOUTH,23319,1012.96,2650,-1600
04/02/2016 02:00,SCH - HQ - NY,23324,640.02,1500,-1000
04/02/2016 02:00,SCH - HQ_CEDARS,325274,0,199,-100
04/02/2016 02:00,SCH - HQ_IMPORT_EXPORT,325376,381.01,1310,-9999
04/02/2016 02:00,SCH - NE - NY,23318,-756.79,1400,-1600
04/02/2016 02:00,SCH - NPX_1385,325277,44,200,-200
04/02/2016 02:00,SCH - NPX_CSC,325154,330,330,-330
04/02/2016 02:00,SCH - OH - NY,23317,713.92,1100,-1900
04/02/2016 02:00,SCH - PJ - NY,23316,-433.4,2600,-1300
04/02/2016 02:00,SCH - PJM_HTP,325905,0,0,0
04/02/2016 02:00,SCH - PJM_NEPTUNE,325305,660,660,-660
04/02/2016 02:00,SCH - PJM_VFT,325658,87.99,315,-315
04/02/2016 02:00,SPR/DUN-SOUTH,23320,1623.84,4600,-9999
04/02/2016 02:00,TOTAL EAST,23314,2956.86,6500,-9999
04/02/2016 02:00,UPNY CONED,23315,921.63,4150,-9999
04/02/2016 02:00,WEST CENTRAL,23312,843.86,9999,-9999
04/02/2016 02:05,CENTRAL EAST - VC,23330,2182.87,2285,-9999
04/02/2016 02:05,DYSINGER EAST,23326,1037.33,3150,-9999
04/02/2016 02:05,MOSES SOUTH,23319,987.21,2650,-1600
04/02/2016 02:05,SCH - HQ - NY,23324,640.02,1500,-1000
04/02/2016 02:05,SCH - HQ_CEDARS,325274,0,199,-100
04/02/2016 02:05,SCH - HQ_IMPORT_EXPORT,325376,381.02,1310,-9999
04/02/2016 02:05,SCH - NE - NY,23318,-778.7,1400,-1600
04/02/2016 02:05,SCH - NPX_1385,325277,44,200,-200
04/02/2016 02:05,SCH - NPX_CSC,325154,330,330,-330
04/02/2016 02:05,SCH - OH - NY,23317,799.51,1100,-1900
04/02/2016 02:05,SCH - PJ - NY,23316,-478.16,2600,-1300
04/02/2016 02:05,SCH - PJM_HTP,325905,0,0,0
04/02/2016 02:05,SCH - PJM_NEPTUNE,325305,660,660,-660
04/02/2016 02:05,SCH - PJM_VFT,325658,23.99,315,-315
04/02/2016 02:05,SPR/DUN-SOUTH,23320,1650.96,4600,-9999
04/02/2016 02:05,TOTAL EAST,23314,2997.79,6500,-9999
04/02/2016 02:05,UPNY CONED,23315,936.98,4150,-9999
04/02/2016 02:05,WEST CENTRAL,23312,850.4,9999,-9999
04/02/2016 02:10,CENTRAL EAST - VC,23330,2169.9,2285,-9999
04/02/2016 02:10,DYSINGER EAST,23326,936.84,3150,-9999
04/02/2016 02:10,MOSES SOUTH,23319,1066.28,2650,-1600
04/02/2016 02:10,SCH - HQ - NY,23324,640.02,1500,-1000
04/02/2016 02:10,SCH - HQ_CEDARS,325274,0,199,-100
04/02/2016 02:10,SCH - HQ_IMPORT_EXPORT,325376,381.02,1310,-9999
04/02/2016 02:10,SCH - NE - NY,23318,-778.7,1400,-1600
04/02/2016 02:10,SCH - NPX_1385,325277,44,200,-200
04/02/2016 02:10,SCH - NPX_CSC,325154,330,330,-330
04/02/2016 02:10,SCH - OH - NY,23317,799.43,1100,-1900
04/02/2016 02:10,SCH - PJ - NY,23316,-476.1,2600,-1300
04/02/2016 02:10,SCH - PJM_HTP,325905,0,0,0
04/02/2016 02:10,SCH - PJM_NEPTUNE,325305,660,660,-660
04/02/2016 02:10,SCH - PJM_VFT,325658,24.99,315,-315
04/02/2016 02:10,SPR/DUN-SOUTH,23320,1641.74,4600,-9999
04/02/2016 02:10,TOTAL EAST,23314,2983.31,6500,-9999
04/02/2016 02:10,UPNY CONED,23315,909.12,4150,-9999
04/02/2016 02:10,WEST CENTRAL,23312,754.79,9999,-9999
04/02/2016 02:15,CENTRAL EAST - VC,23330,2166.92,2285,-9999
04/02/2016 02:15,DYSINGER EAST,23326,953.28,3150,-9999
04/02/2016 02:15,MOSES SOUTH,23319,1049.46,2650,-1600
04/02/2016 02:15,SCH - HQ - NY,23324,640.01,1500,-1000
04/02/2016 02:15,SCH - HQ_CEDARS,325274,0,199,-100
04/02/2016 02:15,SCH - HQ_IMPORT_EXPORT,325376,381,1310,-9999
04/02/2016 02:15,SCH - NE - NY,23318,-834.56,1400,-1600
04/02/2016 02:15,SCH - NPX_1385,325277,44,200,-200
04/02/2016 02:15,SCH - NPX_CSC,325154,330,330,-330
04/02/2016 02:15,SCH - OH - NY,23317,799.43,1100,-1900
04/02/2016 02:15,SCH - PJ - NY,23316,-479.03,2600,-1300
04/02/2016 02:15,SCH - PJM_HTP,325905,0,0,0
04/02/2016 02:15,SCH - PJM_NEPTUNE,325305,660,660,-660
04/02/2016 02:15,SCH - PJM_VFT,325658,24.99,315,-315
04/02/2016 02:15,SPR/DUN-SOUTH,23320,1609.85,4600,-9999
04/02/2016 02:15,TOTAL EAST,23314,3009.92,6500,-9999
04/02/2016 02:15,UPNY CONED,23315,860.29,4150,-9999
04/02/2016 02:15,WEST CENTRAL,23312,769.9,9999,-9999
04/02/2016 02:20,CENTRAL EAST - VC,23330,2182.88,2285,-9999
04/02/2016 02:20,DYSINGER EAST,23326,969,3150,-9999
04/02/2016 02:20,MOSES SOUTH,23319,1016.6,2650,-1600
04/02/2016 02:20,SCH - HQ - NY,23324,640.03,1500,-1000
04/02/2016 02:20,SCH - HQ_CEDARS,325274,0,199,-100
04/02/2016 02:20,SCH - HQ_IMPORT_EXPORT,325376,381.02,1310,-9999
04/02/2016 02:20,SCH - NE - NY,23318,-890.11,1400,-1600
04/02/2016 02:20,SCH - NPX_1385,325277,44,200,-200
04/02/2016 02:20,SCH - NPX_CSC,325154,330,330,-330
04/02/2016 02:20,SCH - OH - NY,23317,799.56,1100,-1900
04/02/2016 02:20,SCH - PJ - NY,23316,-476.8,2600,-1300
04/02/2016 02:20,SCH - PJM_HTP,325905,0,0,0
04/02/2016 02:20,SCH - PJM_NEPTUNE,325305,660,660,-660
04/02/2016 02:20,SCH - PJM_VFT,325658,24.99,315,-315
04/02/2016 02:20,SPR/DUN-SOUTH,23320,1586.94,4600,-9999
04/02/2016 02:20,TOTAL EAST,23314,2954.08,6500,-9999
04/02/2016 02:20,UPNY CONED,23315,795.47,4150,-9999
04/02/2016 02:20,WEST CENTRAL,23312,781.25,9999,-9999
04/02/2016 02:25,CENTRAL EAST - VC,23330,2184.58,2285,-9999
04/02/2016 02:25,DYSINGER EAST,23326,943.65,3150,-9999
04/02/2016 02:25,MOSES SOUTH,23319,1041.72,2650,-1600
04/02/2016 02:25,SCH - HQ - NY,23324,640.03,1500,-1000
04/02/2016 02:25,SCH - HQ_CEDARS,325274,0,199,-100
04/02/2016 02:25,SCH - HQ_IMPORT_EXPORT,325376,381.02,1310,-9999
04/02/2016 02:25,SCH - NE - NY,23318,-889.95,1400,-1600
04/02/2016 02:25,SCH - NPX_1385,325277,44,200,-200
04/02/2016 02:25,SCH - NPX_CSC,325154,330.01,330,-330
04/02/2016 02:25,SCH - OH - NY,23317,799.7,1100,-1900
04/02/2016 02:25,SCH - PJ - NY,23316,-477.46,2600,-1300
04/02/2016 02:25,SCH - PJM_HTP,325905,0,0,0
04/02/2016 02:25,SCH - PJM_NEPTUNE,325305,660,660,-660
04/02/2016 02:25,SCH - PJM_VFT,325658,24.99,315,-315
04/02/2016 02:25,SPR/DUN-SOUTH,23320,1582.83,4600,-9999
04/02/2016 02:25,TOTAL EAST,23314,2923.34,6500,-9999
04/02/2016 02:25,UPNY CONED,23315,773.24,4150,-9999
04/02/2016 02:25,WEST CENTRAL,23312,757.45,9999,-9999
04/02/2016 02:30,CENTRAL EAST - VC,23330,2183.64,2285,-9999
04/02/2016 02:30,DYSINGER EAST,23326,898.68,3150,-9999
04/02/2016 02:30,MOSES SOUTH,23319,1026.88,2650,-1600
04/02/2016 02:30,SCH - HQ - NY,23324,640.02,1500,-1000
04/02/2016 02:30,SCH - HQ_CEDARS,325274,0,199,-100
04/02/2016 02:30,SCH - HQ_IMPORT_EXPORT,325376,381.02,1310,-9999
04/02/2016 02:30,SCH - NE - NY,23318,-909.24,1400,-1600
04/02/2016 02:30,SCH - NPX_1385,325277,44,200,-200
04/02/2016 02:30,SCH - NPX_CSC,325154,330,330,-330
04/02/2016 02:30,SCH - OH - NY,23317,799.52,1100,-1900
04/02/2016 02:30,SCH - PJ - NY,23316,-477.41,2600,-1300
04/02/2016 02:30,SCH - PJM_HTP,325905,0,0,0
04/02/2016 02:30,SCH - PJM_NEPTUNE,325305,660,660,-660
04/02/2016 02:30,SCH - PJM_VFT,325658,24.99,315,-315
04/02/2016 02:30,SPR/DUN-SOUTH,23320,1602.49,4600,-9999
04/02/2016 02:30,TOTAL EAST,23314,2925.65,6500,-9999
04/02/2016 02:30,UPNY CONED,23315,780.28,4150,-9999
04/02/2016 02:30,WEST CENTRAL,23312,716.19,9999,-9999
04/02/2016 02:35,CENTRAL EAST - VC,23330,2184.71,2285,-9999
04/02/2016 02:35,DYSINGER EAST,23326,944.82,3150,-9999
04/02/2016 02:35,MOSES SOUTH,23319,1015.26,2650,-1600
04/02/2016 02:35,SCH - HQ - NY,23324,640.03,1500,-1000
04/02/2016 02:35,SCH - HQ_CEDARS,325274,0,199,-100
04/02/2016 02:35,SCH - HQ_IMPORT_EXPORT,325376,381.02,1310,-9999
04/02/2016 02:35,SCH - NE - NY,23318,-928.02,1400,-1600
04/02/2016 02:35,SCH - NPX_1385,325277,44,200,-200
04/02/2016 02:35,SCH - NPX_CSC,325154,330.01,330,-330
04/02/2016 02:35,SCH - OH - NY,23317,799.68,1100,-1900
04/02/2016 02:35,SCH - PJ - NY,23316,-477.8,2600,-1300
04/02/2016 02:35,SCH - PJM_HTP,325905,0,0,0
04/02/2016 02:35,SCH - PJM_NEPTUNE,325305,660,660,-660
04/02/2016 02:35,SCH - PJM_VFT,325658,24.99,315,-315
04/02/2016 02:35,SPR/DUN-SOUTH,23320,1590.63,4600,-9999
04/02/2016 02:35,TOTAL EAST,23314,2925.87,6500,-9999
04/02/2016 02:35,UPNY CONED,23315,756.59,4150,-9999
04/02/2016 02:35,WEST CENTRAL,23312,764.54,9999,-9999
04/02/2016 02:40,CENTRAL EAST - VC,23330,2184.18,2285,-9999
04/02/2016 02:40,DYSINGER EAST,23326,990.38,3150,-9999
04/02/2016 02:40,MOSES SOUTH,23319,1001.28,2650,-1600
04/02/2016 02:40,SCH - HQ - NY,23324,640.01,1500,-1000
04/02/2016 02:40,SCH - HQ_CEDARS,325274,0,199,-100
04/02/2016 02:40,SCH - HQ_IMPORT_EXPORT,325376,381,1310,-9999
04/02/2016 02:40,SCH - NE - NY,23318,-928.04,1400,-1600
04/02/2016 02:40,SCH - NPX_1385,325277,44,200,-200
04/02/2016 02:40,SCH - NPX_CSC,325154,330,330,-330
04/02/2016 02:40,SCH - OH - NY,23317,799.59,1100,-1900
04/02/2016 02:40,SCH - PJ - NY,23316,-478.39,2600,-1300
04/02/2016 02:40,SCH - PJM_HTP,325905,0,0,0
04/02/2016 02:40,SCH - PJM_NEPTUNE,325305,660,660,-660
04/02/2016 02:40,SCH - PJM_VFT,325658,25,315,-315
04/02/2016 02:40,SPR/DUN-SOUTH,23320,1605.53,4600,-9999
04/02/2016 02:40,TOTAL EAST,23314,2977.92,6500,-9999
04/02/2016 02:40,UPNY CONED,23315,783.16,4150,-9999
04/02/2016 02:40,WEST CENTRAL,23312,809.08,9999,-9999
04/02/2016 02:45,CENTRAL EAST - VC,23330,2161.07,2285,-9999
04/02/2016 02:45,DYSINGER EAST,23326,883.7,3150,-9999
04/02/2016 02:45,MOSES SOUTH,23319,1036.86,2650,-1600
04/02/2016 02:45,SCH - HQ - NY,23324,640.02,1500,-1000
04/02/2016 02:45,SCH - HQ_CEDARS,325274,0,199,-100
04/02/2016 02:45,SCH - HQ_IMPORT_EXPORT,325376,381.02,1310,-9999
04/02/2016 02:45,SCH - NE - NY,23318,-898.22,1400,-1600
04/02/2016 02:45,SCH - NPX_1385,325277,44,200,-200
04/02/2016 02:45,SCH - NPX_CSC,325154,330,330,-330
04/02/2016 02:45,SCH - OH - NY,23317,799.51,1100,-1900
04/02/2016 02:45,SCH - PJ - NY,23316,-477.78,2600,-1300
04/02/2016 02:45,SCH - PJM_HTP,325905,0,0,0
04/02/2016 02:45,SCH - PJM_NEPTUNE,325305,660,660,-660
04/02/2016 02:45,SCH - PJM_VFT,325658,24.99,315,-315
04/02/2016 02:45,SPR/DUN-SOUTH,23320,1609.9,4600,-9999
04/02/2016 02:45,TOTAL EAST,23314,2940.3,6500,-9999
04/02/2016 02:45,UPNY CONED,23315,788.19,4150,-9999
04/02/2016 02:45,WEST CENTRAL,23312,706.44,9999,-9999
04/02/2016 02:50,CENTRAL EAST - VC,23330,2134.76,2285,-9999
04/02/2016 02:50,DYSINGER EAST,23326,797.47,3150,-9999
04/02/2016 02:50,MOSES SOUTH,23319,1031.01,2650,-1600
04/02/2016 02:50,SCH - HQ - NY,23324,640.03,1500,-1000
04/02/2016 02:50,SCH - HQ_CEDARS,325274,0,199,-100
04/02/2016 02:50,SCH - HQ_IMPORT_EXPORT,325376,381.02,1310,-9999
04/02/2016 02:50,SCH - NE - NY,23318,-869.25,1400,-1600
04/02/2016 02:50,SCH - NPX_1385,325277,44,200,-200
04/02/2016 02:50,SCH - NPX_CSC,325154,330,330,-330
04/02/2016 02:50,SCH - OH - NY,23317,799.43,1100,-1900
04/02/2016 02:50,SCH - PJ - NY,23316,-479.16,2600,-1300
04/02/2016 02:50,SCH - PJM_HTP,325905,0,0,0
04/02/2016 02:50,SCH - PJM_NEPTUNE,325305,660,660,-660
04/02/2016 02:50,SCH - PJM_VFT,325658,24.99,315,-315
04/02/2016 02:50,SPR/DUN-SOUTH,23320,1595.02,4600,-9999
04/02/2016 02:50,TOTAL EAST,23314,2891.57,6500,-9999
04/02/2016 02:50,UPNY CONED,23315,779.12,4150,-9999
04/02/2016 02:50,WEST CENTRAL,23312,624.61,9999,-9999
04/02/2016 02:55,CENTRAL EAST - VC,23330,2131.48,2285,-9999
04/02/2016 02:55,DYSINGER EAST,23326,791.23,3150,-9999
04/02/2016 02:55,MOSES SOUTH,23319,1038.64,2650,-1600
04/02/2016 02:55,SCH - HQ - NY,23324,640.03,1500,-1000
04/02/2016 02:55,SCH - HQ_CEDARS,325274,0,199,-100
04/02/2016 02:55,SCH - HQ_IMPORT_EXPORT,325376,381.02,1310,-9999
04/02/2016 02:55,SCH - NE - NY,23318,-869.33,1400,-1600
04/02/2016 02:55,SCH - NPX_1385,325277,44,200,-200
04/02/2016 02:55,SCH - NPX_CSC,325154,330,330,-330
04/02/2016 02:55,SCH - OH - NY,23317,799.47,1100,-1900
04/02/2016 02:55,SCH - PJ - NY,23316,-480.23,2600,-1300
04/02/2016 02:55,SCH - PJM_HTP,325905,0,0,0
04/02/2016 02:55,SCH - PJM_NEPTUNE,325305,660,660,-660
04/02/2016 02:55,SCH - PJM_VFT,325658,24.99,315,-315
04/02/2016 02:55,SPR/DUN-SOUTH,23320,1584.6,4600,-9999
04/02/2016 02:55,TOTAL EAST,23314,2881.43,6500,-9999
04/02/2016 02:55,UPNY CONED,23315,766.41,4150,-9999
04/02/2016 02:55,WEST CENTRAL,23312,617.43,9999,-9999
04/02/2016 03:00,CENTRAL EAST - VC,23330,2116.19,2285,-9999
04/02/2016 03:00,DYSINGER EAST,23326,846.13,3150,-9999
04/02/2016 03:00,MOSES SOUTH,23319,1010.54,2650,-1600
04/02/2016 03:00,SCH - HQ - NY,23324,640.02,1500,-1000
04/02/2016 03:00,SCH - HQ_CEDARS,325274,0,199,-100
04/02/2016 03:00,SCH - HQ_IMPORT_EXPORT,325376,381.01,1310,-9999
04/02/2016 03:00,SCH - NE - NY,23318,-847.45,1400,-1600
04/02/2016 03:00,SCH - NPX_1385,325277,44,200,-200
04/02/2016 03:00,SCH - NPX_CSC,325154,330,330,-330
04/02/2016 03:00,SCH - OH - NY,23317,799.6,1100,-1900
04/02/2016 03:00,SCH - PJ - NY,23316,-496.89,2600,-1300
04/02/2016 03:00,SCH - PJM_HTP,325905,0,0,0
04/02/2016 03:00,SCH - PJM_NEPTUNE,325305,616,660,-660
04/02/2016 03:00,SCH - PJM_VFT,325658,24.99,315,-315
04/02/2016 03:00,SPR/DUN-SOUTH,23320,1549.29,4600,-9999
04/02/2016 03:00,TOTAL EAST,23314,2884.86,6500,-9999
04/02/2016 03:00,UPNY CONED,23315,772.1,4150,-9999
04/02/2016 03:00,WEST CENTRAL,23312,669.37,9999,-9999
04/02/2016 03:05,CENTRAL EAST - VC,23330,2165.88,2285,-9999
04/02/2016 03:05,DYSINGER EAST,23326,955.9,3150,-9999
04/02/2016 03:05,MOSES SOUTH,23319,1002.37,2650,-1600
04/02/2016 03:05,SCH - HQ - NY,23324,640.02,1500,-1000
04/02/2016 03:05,SCH - HQ_CEDARS,325274,0,199,-100
04/02/2016 03:05,SCH - HQ_IMPORT_EXPORT,325376,381.02,1310,-9999
04/02/2016 03:05,SCH - NE - NY,23318,-825.4,1400,-1600
04/02/2016 03:05,SCH - NPX_1385,325277,44,200,-200
04/02/2016 03:05,SCH - NPX_CSC,325154,330,330,-330
04/02/2016 03:05,SCH - OH - NY,23317,799.78,1100,-1900
04/02/2016 03:05,SCH - PJ - NY,23316,-519.6,2600,-1300
04/02/2016 03:05,SCH - PJM_HTP,325905,0,0,0
04/02/2016 03:05,SCH - PJM_NEPTUNE,325305,573,660,-660
04/02/2016 03:05,SCH - PJM_VFT,325658,24.99,315,-315
04/02/2016 03:05,SPR/DUN-SOUTH,23320,1581.78,4600,-9999
04/02/2016 03:05,TOTAL EAST,23314,2904.54,6500,-9999
04/02/2016 03:05,UPNY CONED,23315,855.1,4150,-9999
04/02/2016 03:05,WEST CENTRAL,23312,775.96,9999,-9999
04/02/2016 03:10,CENTRAL EAST - VC,23330,2123.19,2285,-9999
04/02/2016 03:10,DYSINGER EAST,23326,897,3150,-9999
04/02/2016 03:10,MOSES SOUTH,23319,974.45,2650,-1600
04/02/2016 03:10,SCH - HQ - NY,23324,640.02,1500,-1000
04/02/2016 03:10,SCH - HQ_CEDARS,325274,0,199,-100
04/02/2016 03:10,SCH - HQ_IMPORT_EXPORT,325376,381.01,1310,-9999
04/02/2016 03:10,SCH - NE - NY,23318,-825.57,1400,-1600
04/02/2016 03:10,SCH - NPX_1385,325277,44,200,-200
04/02/2016 03:10,SCH - NPX_CSC,325154,330,330,-330
04/02/2016 03:10,SCH - OH - NY,23317,799.55,1100,-1900
04/02/2016 03:10,SCH - PJ - NY,23316,-517.4,2600,-1300
04/02/2016 03:10,SCH - PJM_HTP,325905,0,0,0
04/02/2016 03:10,SCH - PJM_NEPTUNE,325305,573,660,-660
04/02/2016 03:10,SCH - PJM_VFT,325658,24.99,315,-315
04/02/2016 03:10,SPR/DUN-SOUTH,23320,1555.4,4600,-9999
04/02/2016 03:10,TOTAL EAST,23314,2894.33,6500,-9999
04/02/2016 03:10,UPNY CONED,23315,822.06,4150,-9999
04/02/2016 03:10,WEST CENTRAL,23312,719.18,9999,-9999
04/02/2016 03:15,CENTRAL EAST - VC,23330,2109.56,2285,-9999
04/02/2016 03:15,DYSINGER EAST,23326,878.04,3150,-9999
04/02/2016 03:15,MOSES SOUTH,23319,957.37,2650,-1600
04/02/2016 03:15,SCH - HQ - NY,23324,640.02,1500,-1000
04/02/2016 03:15,SCH - HQ_CEDARS,325274,0,199,-100
04/02/2016 03:15,SCH - HQ_IMPORT_EXPORT,325376,381.01,1310,-9999
04/02/2016 03:15,SCH - NE - NY,23318,-825.7,1400,-1600
04/02/2016 03:15,SCH - NPX_1385,325277,44,200,-200
04/02/2016 03:15,SCH - NPX_CSC,325154,330,330,-330
04/02/2016 03:15,SCH - OH - NY,23317,799.71,1100,-1900
04/02/2016 03:15,SCH - PJ - NY,23316,-516.04,2600,-1300
04/02/2016 03:15,SCH - PJM_HTP,325905,0,0,0
04/02/2016 03:15,SCH - PJM_NEPTUNE,325305,573,660,-660
04/02/2016 03:15,SCH - PJM_VFT,325658,24.99,315,-315
04/02/2016 03:15,SPR/DUN-SOUTH,23320,1544.01,4600,-9999
04/02/2016 03:15,TOTAL EAST,23314,2874.36,6500,-9999
04/02/2016 03:15,UPNY CONED,23315,805.2,4150,-9999
04/02/2016 03:15,WEST CENTRAL,23312,704.66,9999,-9999
04/02/2016 03:20,CENTRAL EAST - VC,23330,2111.39,2285,-9999
04/02/2016 03:20,DYSINGER EAST,23326,838.03,3150,-9999
04/02/2016 03:20,MOSES SOUTH,23319,968.25,2650,-1600
04/02/2016 03:20,SCH - HQ - NY,23324,640.02,1500,-1000
04/02/2016 03:20,SCH - HQ_CEDARS,325274,0,199,-100
04/02/2016 03:20,SCH - HQ_IMPORT_EXPORT,325376,381.01,1310,-9999
04/02/2016 03:20,SCH - NE - NY,23318,-825.6,1400,-1600
04/02/2016 03:20,SCH - NPX_1385,325277,44,200,-200
04/02/2016 03:20,SCH - NPX_CSC,325154,330,330,-330
04/02/2016 03:20,SCH - OH - NY,23317,799.55,1100,-1900
04/02/2016 03:20,SCH - PJ - NY,23316,-517.39,2600,-1300
04/02/2016 03:20,SCH - PJM_HTP,325905,0,0,0
04/02/2016 03:20,SCH - PJM_NEPTUNE,325305,573,660,-660
04/02/2016 03:20,SCH - PJM_VFT,325658,24.99,315,-315
04/02/2016 03:20,SPR/DUN-SOUTH,23320,1559.53,4600,-9999
04/02/2016 03:20,TOTAL EAST,23314,2858.13,6500,-9999
04/02/2016 03:20,UPNY CONED,23315,811.66,4150,-9999
04/02/2016 03:20,WEST CENTRAL,23312,667.27,9999,-9999
04/02/2016 03:25,CENTRAL EAST - VC,23330,2110.1,2285,-9999
04/02/2016 03:25,DYSINGER EAST,23326,852.31,3150,-9999
04/02/2016 03:25,MOSES SOUTH,23319,962.74,2650,-1600
04/02/2016 03:25,SCH - HQ - NY,23324,640.02,1500,-1000
04/02/2016 03:25,SCH - HQ_CEDARS,325274,0,199,-100
04/02/2016 03:25,SCH - HQ_IMPORT_EXPORT,325376,381.02,1310,-9999
04/02/2016 03:25,SCH - NE - NY,23318,-825.5,1400,-1600
04/02/2016 03:25,SCH - NPX_1385,325277,44,200,-200
04/02/2016 03:25,SCH - NPX_CSC,325154,330,330,-330
04/02/2016 03:25,SCH - OH - NY,23317,799.56,1100,-1900
04/02/2016 03:25,SCH - PJ - NY,23316,-516.22,2600,-1300
04/02/2016 03:25,SCH - PJM_HTP,325905,0,0,0
04/02/2016 03:25,SCH - PJM_NEPTUNE,325305,573,660,-660
04/02/2016 03:25,SCH - PJM_VFT,325658,24.99,315,-315
04/02/2016 03:25,SPR/DUN-SOUTH,23320,1561.88,4600,-9999
04/02/2016 03:25,TOTAL EAST,23314,2842.57,6500,-9999
04/02/2016 03:25,UPNY CONED,23315,800.75,4150,-9999
04/02/2016 03:25,WEST CENTRAL,23312,681.3,9999,-9999
04/02/2016 03:30,CENTRAL EAST - VC,23330,2167.18,2285,-9999
04/02/2016 03:30,DYSINGER EAST,23326,977.56,3150,-9999
04/02/2016 03:30,MOSES SOUTH,23319,945.25,2650,-1600
04/02/2016 03:30,SCH - HQ - NY,23324,640.02,1500,-1000
04/02/2016 03:30,SCH - HQ_CEDARS,325274,0,199,-100
04/02/2016 03:30,SCH - HQ_IMPORT_EXPORT,325376,381.02,1310,-9999
04/02/2016 03:30,SCH - NE - NY,23318,-825.49,1400,-1600
04/02/2016 03:30,SCH - NPX_1385,325277,44,200,-200
04/02/2016 03:30,SCH - NPX_CSC,325154,330,330,-330
04/02/2016 03:30,SCH - OH - NY,23317,799.51,1100,-1900
04/02/2016 03:30,SCH - PJ - NY,23316,-516.09,2600,-1300
04/02/2016 03:30,SCH - PJM_HTP,325905,0,0,0
04/02/2016 03:30,SCH - PJM_NEPTUNE,325305,573,660,-660
04/02/2016 03:30,SCH - PJM_VFT,325658,24.99,315,-315
04/02/2016 03:30,SPR/DUN-SOUTH,23320,1677.59,4600,-9999
04/02/2016 03:30,TOTAL EAST,23314,2961.4,6500,-9999
04/02/2016 03:30,UPNY CONED,23315,913.4,4150,-9999
04/02/2016 03:30,WEST CENTRAL,23312,802.86,9999,-9999
04/02/2016 03:35,CENTRAL EAST - VC,23330,2184.67,2285,-9999
04/02/2016 03:35,DYSINGER EAST,23326,1017.19,3150,-9999
04/02/2016 03:35,MOSES SOUTH,23319,950.57,2650,-1600
04/02/2016 03:35,SCH - HQ - NY,23324,640.02,1500,-1000
04/02/2016 03:35,SCH - HQ_CEDARS,325274,0,199,-100
04/02/2016 03:35,SCH - HQ_IMPORT_EXPORT,325376,381.02,1310,-9999
04/02/2016 03:35,SCH - NE - NY,23318,-825.61,1400,-1600
04/02/2016 03:35,SCH - NPX_1385,325277,44,200,-200
04/02/2016 03:35,SCH - NPX_CSC,325154,330,330,-330
04/02/2016 03:35,SCH - OH - NY,23317,799.6,1100,-1900
04/02/2016 03:35,SCH - PJ - NY,23316,-515.74,2600,-1300
04/02/2016 03:35,SCH - PJM_HTP,325905,0,0,0
04/02/2016 03:35,SCH - PJM_NEPTUNE,325305,573,660,-660
04/02/2016 03:35,SCH - PJM_VFT,325658,24.99,315,-315
04/02/2016 03:35,SPR/DUN-SOUTH,23320,1692.82,4600,-9999
04/02/2016 03:35,TOTAL EAST,23314,2981.14,6500,-9999
04/02/2016 03:35,UPNY CONED,23315,940.64,4150,-9999
04/02/2016 03:35,WEST CENTRAL,23312,837.52,9999,-9999
04/02/2016 03:40,CENTRAL EAST - VC,23330,2184.12,2285,-9999
04/02/2016 03:40,DYSINGER EAST,23326,970.2,3150,-9999
04/02/2016 03:40,MOSES SOUTH,23319,948.1,2650,-1600
04/02/2016 03:40,SCH - HQ - NY,23324,640.02,1500,-1000
04/02/2016 03:40,SCH - HQ_CEDARS,325274,0,199,-100
04/02/2016 03:40,SCH - HQ_IMPORT_EXPORT,325376,381.02,1310,-9999
04/02/2016 03:40,SCH - NE - NY,23318,-825.6,1400,-1600
04/02/2016 03:40,SCH - NPX_1385,325277,44,200,-200
04/02/2016 03:40,SCH - NPX_CSC,325154,330,330,-330
04/02/2016 03:40,SCH - OH - NY,23317,799.54,1100,-1900
04/02/2016 03:40,SCH - PJ - NY,23316,-515.51,2600,-1300
04/02/2016 03:40,SCH - PJM_HTP,325905,0,0,0
04/02/2016 03:40,SCH - PJM_NEPTUNE,325305,573,660,-660
04/02/2016 03:40,SCH - PJM_VFT,325658,24.99,315,-315
04/02/2016 03:40,SPR/DUN-SOUTH,23320,1691.05,4600,-9999
04/02/2016 03:40,TOTAL EAST,23314,2963.87,6500,-9999
04/02/2016 03:40,UPNY CONED,23315,942.99,4150,-9999
04/02/2016 03:40,WEST CENTRAL,23312,792.76,9999,-9999
04/02/2016 03:45,CENTRAL EAST - VC,23330,2176.2,2285,-9999
04/02/2016 03:45,DYSINGER EAST,23326,1038.28,3150,-9999
04/02/2016 03:45,MOSES SOUTH,23319,907.44,2650,-1600
04/02/2016 03:45,SCH - HQ - NY,23324,640.01,1500,-1000
04/02/2016 03:45,SCH - HQ_CEDARS,325274,0,199,-100
04/02/2016 03:45,SCH - HQ_IMPORT_EXPORT,325376,381.01,1310,-9999
04/02/2016 03:45,SCH - NE - NY,23318,-787.73,1400,-1600
04/02/2016 03:45,SCH - NPX_1385,325277,44,200,-200
04/02/2016 03:45,SCH - NPX_CSC,325154,330,330,-330
04/02/2016 03:45,SCH - OH - NY,23317,799.56,1100,-1900
04/02/2016 03:45,SCH - PJ - NY,23316,-480.66,2600,-1300
04/02/2016 03:45,SCH - PJM_HTP,325905,0,0,0
04/02/2016 03:45,SCH - PJM_NEPTUNE,325305,573,660,-660
04/02/2016 03:45,SCH - PJM_VFT,325658,24.99,315,-315
04/02/2016 03:45,SPR/DUN-SOUTH,23320,1511.89,4600,-9999
04/02/2016 03:45,TOTAL EAST,23314,3073.1,6500,-9999
04/02/2016 03:45,UPNY CONED,23315,748.54,4150,-9999
04/02/2016 03:45,WEST CENTRAL,23312,862.34,9999,-9999
04/02/2016 03:50,CENTRAL EAST - VC,23330,2175.11,2285,-9999
04/02/2016 03:50,DYSINGER EAST,23326,968.54,3150,-9999
04/02/2016 03:50,MOSES SOUTH,23319,915.37,2650,-1600
04/02/2016 03:50,SCH - HQ - NY,23324,640.01,1500,-1000
04/02/2016 03:50,SCH - HQ_CEDARS,325274,0,199,-100
04/02/2016 03:50,SCH - HQ_IMPORT_EXPORT,325376,381.01,1310,-9999
04/02/2016 03:50,SCH - NE - NY,23318,-750.75,1400,-1600
04/02/2016 03:50,SCH - NPX_1385,325277,44,200,-200
04/02/2016 03:50,SCH - NPX_CSC,325154,330,330,-330
04/02/2016 03:50,SCH - OH - NY,23317,799.55,1100,-1900
04/02/2016 03:50,SCH - PJ - NY,23316,-445.29,2600,-1300
04/02/2016 03:50,SCH - PJM_HTP,325905,0,0,0
04/02/2016 03:50,SCH - PJM_NEPTUNE,325305,573,660,-660
04/02/2016 03:50,SCH - PJM_VFT,325658,24.99,315,-315
04/02/2016 03:50,SPR/DUN-SOUTH,23320,1536.38,4600,-9999
04/02/2016 03:50,TOTAL EAST,23314,2994.27,6500,-9999
04/02/2016 03:50,UPNY CONED,23315,752.39,4150,-9999
04/02/2016 03:50,WEST CENTRAL,23312,794.25,9999,-9999
04/02/2016 03:55,CENTRAL EAST - VC,23330,2124.33,2285,-9999
04/02/2016 03:55,DYSINGER EAST,23326,1022.9,3150,-9999
04/02/2016 03:55,MOSES SOUTH,23319,973.43,2650,-1600
04/02/2016 03:55,SCH - HQ - NY,23324,640.02,1500,-1000
04/02/2016 03:55,SCH - HQ_CEDARS,325274,0,199,-100
04/02/2016 03:55,SCH - HQ_IMPORT_EXPORT,325376,381,1310,-9999
04/02/2016 03:55,SCH - NE - NY,23318,-751.01,1400,-1600
04/02/2016 03:55,SCH - NPX_1385,325277,44,200,-200
04/02/2016 03:55,SCH - NPX_CSC,325154,330,330,-330
04/02/2016 03:55,SCH - OH - NY,23317,799.61,1100,-1900
04/02/2016 03:55,SCH - PJ - NY,23316,-443.95,2600,-1300
04/02/2016 03:55,SCH - PJM_HTP,325905,0,0,0
04/02/2016 03:55,SCH - PJM_NEPTUNE,325305,573,660,-660
04/02/2016 03:55,SCH - PJM_VFT,325658,24.98,315,-315
04/02/2016 03:55,SPR/DUN-SOUTH,23320,1467.89,4600,-9999
04/02/2016 03:55,TOTAL EAST,23314,3110.44,6500,-9999
04/02/2016 03:55,UPNY CONED,23315,696.16,4150,-9999
04/02/2016 03:55,WEST CENTRAL,23312,846.5,9999,-9999
04/02/2016 04:00,CENTRAL EAST - VC,23330,2183.9,2285,-9999
04/02/2016 04:00,DYSINGER EAST,23326,1091.89,3150,-9999
04/02/2016 04:00,MOSES SOUTH,23319,930.46,2650,-1600
04/02/2016 04:00,SCH - HQ - NY,23324,640.04,1500,-1000
04/02/2016 04:00,SCH - HQ_CEDARS,325274,0,199,-100
04/02/2016 04:00,SCH - HQ_IMPORT_EXPORT,325376,381.03,1310,-9999
04/02/2016 04:00,SCH - NE - NY,23318,-651.25,1400,-1600
04/02/2016 04:00,SCH - NPX_1385,325277,44,200,-200
04/02/2016 04:00,SCH - NPX_CSC,325154,330,330,-330
04/02/2016 04:00,SCH - OH - NY,23317,799.71,1100,-1900
04/02/2016 04:00,SCH - PJ - NY,23316,-467.29,2600,-1300
04/02/2016 04:00,SCH - PJM_HTP,325905,0,0,0
04/02/2016 04:00,SCH - PJM_NEPTUNE,325305,504,660,-660
04/02/2016 04:00,SCH - PJM_VFT,325658,24.98,315,-315
04/02/2016 04:00,SPR/DUN-SOUTH,23320,1556.08,4600,-9999
04/02/2016 04:00,TOTAL EAST,23314,3051.63,6500,-9999
04/02/2016 04:00,UPNY CONED,23315,857.86,4150,-9999
04/02/2016 04:00,WEST CENTRAL,23312,913.85,9999,-9999
04/02/2016 04:05,CENTRAL EAST - VC,23330,2185.55,2285,-9999
04/02/2016 04:05,DYSINGER EAST,23326,1083.72,3150,-9999
04/02/2016 04:05,MOSES SOUTH,23319,957.77,2650,-1600
04/02/2016 04:05,SCH - HQ - NY,23324,640.02,1500,-1000
04/02/2016 04:05,SCH - HQ_CEDARS,325274,0,199,-100
04/02/2016 04:05,SCH - HQ_IMPORT_EXPORT,325376,381.02,1310,-9999
04/02/2016 04:05,SCH - NE - NY,23318,-551.55,1400,-1600
04/02/2016 04:05,SCH - NPX_1385,325277,44,200,-200
04/02/2016 04:05,SCH - NPX_CSC,325154,330,330,-330
04/02/2016 04:05,SCH - OH - NY,23317,799.73,1100,-1900
04/02/2016 04:05,SCH - PJ - NY,23316,-490.23,2600,-1300
04/02/2016 04:05,SCH - PJM_HTP,325905,0,0,0
04/02/2016 04:05,SCH - PJM_NEPTUNE,325305,435,660,-660
04/02/2016 04:05,SCH - PJM_VFT,325658,24.99,315,-315
04/02/2016 04:05,SPR/DUN-SOUTH,23320,1555.32,4600,-9999
04/02/2016 04:05,TOTAL EAST,23314,3036.78,6500,-9999
04/02/2016 04:05,UPNY CONED,23315,937.7,4150,-9999
04/02/2016 04:05,WEST CENTRAL,23312,906.1,9999,-9999
04/02/2016 04:10,CENTRAL EAST - VC,23330,2147.26,2285,-9999
04/02/2016 04:10,DYSINGER EAST,23326,1015.01,3150,-9999
04/02/2016 04:10,MOSES SOUTH,23319,986.14,2650,-1600
04/02/2016 04:10,SCH - HQ - NY,23324,640.03,1500,-1000
04/02/2016 04:10,SCH - HQ_CEDARS,325274,0,199,-100
04/02/2016 04:10,SCH - HQ_IMPORT_EXPORT,325376,381.02,1310,-9999
04/02/2016 04:10,SCH - NE - NY,23318,-551.53,1400,-1600
04/02/2016 04:10,SCH - NPX_1385,325277,44,200,-200
04/02/2016 04:10,SCH - NPX_CSC,325154,330,330,-330
04/02/2016 04:10,SCH - OH - NY,23317,799.35,1100,-1900
04/02/2016 04:10,SCH - PJ - NY,23316,-488.14,2600,-1300
04/02/2016 04:10,SCH - PJM_HTP,325905,0,0,0
04/02/2016 04:10,SCH - PJM_NEPTUNE,325305,435,660,-660
04/02/2016 04:10,SCH - PJM_VFT,325658,24.99,315,-315
04/02/2016 04:10,SPR/DUN-SOUTH,23320,1570.78,4600,-9999
04/02/2016 04:10,TOTAL EAST,23314,3107.22,6500,-9999
04/02/2016 04:10,UPNY CONED,23315,958.22,4150,-9999
04/02/2016 04:10,WEST CENTRAL,23312,838.77,9999,-9999
04/02/2016 04:15,CENTRAL EAST - VC,23330,2187.11,2285,-9999
04/02/2016 04:15,DYSINGER EAST,23326,1165.78,3150,-9999
04/02/2016 04:15,MOSES SOUTH,23319,952.51,2650,-1600
04/02/2016 04:15,SCH - HQ - NY,23324,640.03,1500,-1000
04/02/2016 04:15,SCH - HQ_CEDARS,325274,0,199,-100
04/02/2016 04:15,SCH - HQ_IMPORT_EXPORT,325376,381.02,1310,-9999
04/02/2016 04:15,SCH - NE - NY,23318,-558.49,1400,-1600
04/02/2016 04:15,SCH - NPX_1385,325277,44,200,-200
04/02/2016 04:15,SCH - NPX_CSC,325154,330,330,-330
04/02/2016 04:15,SCH - OH - NY,23317,799.74,1100,-1900
04/02/2016 04:15,SCH - PJ - NY,23316,-496.4,2600,-1300
04/02/2016 04:15,SCH - PJM_HTP,325905,0,0,0
04/02/2016 04:15,SCH - PJM_NEPTUNE,325305,435,660,-660
04/02/2016 04:15,SCH - PJM_VFT,325658,24.99,315,-315
04/02/2016 04:15,SPR/DUN-SOUTH,23320,1573.43,4600,-9999
04/02/2016 04:15,TOTAL EAST,23314,3119.95,6500,-9999
04/02/2016 04:15,UPNY CONED,23315,971.87,4150,-9999
04/02/2016 04:15,WEST CENTRAL,23312,986.02,9999,-9999
04/02/2016 04:20,CENTRAL EAST - VC,23330,2184.41,2285,-9999
04/02/2016 04:20,DYSINGER EAST,23326,1146.55,3150,-9999
04/02/2016 04:20,MOSES SOUTH,23319,975.16,2650,-1600
04/02/2016 04:20,SCH - HQ - NY,23324,640.03,1500,-1000
04/02/2016 04:20,SCH - HQ_CEDARS,325274,0,199,-100
04/02/2016 04:20,SCH - HQ_IMPORT_EXPORT,325376,381.03,1310,-9999
04/02/2016 04:20,SCH - NE - NY,23318,-565.32,1400,-1600
04/02/2016 04:20,SCH - NPX_1385,325277,44,200,-200
04/02/2016 04:20,SCH - NPX_CSC,325154,330,330,-330
04/02/2016 04:20,SCH - OH - NY,23317,797.03,1100,-1900
04/02/2016 04:20,SCH - PJ - NY,23316,-504,2600,-1300
04/02/2016 04:20,SCH - PJM_HTP,325905,0,0,0
04/02/2016 04:20,SCH - PJM_NEPTUNE,325305,435,660,-660
04/02/2016 04:20,SCH - PJM_VFT,325658,24.99,315,-315
04/02/2016 04:20,SPR/DUN-SOUTH,23320,1516.56,4600,-9999
04/02/2016 04:20,TOTAL EAST,23314,3078.26,6500,-9999
04/02/2016 04:20,UPNY CONED,23315,917.59,4150,-9999
04/02/2016 04:20,WEST CENTRAL,23312,961.36,9999,-9999
04/02/2016 04:25,CENTRAL EAST - VC,23330,2182.18,2285,-9999
04/02/2016 04:25,DYSINGER EAST,23326,1077.99,3150,-9999
04/02/2016 04:25,MOSES SOUTH,23319,938.71,2650,-1600
04/02/2016 04:25,SCH - HQ - NY,23324,640.07,1500,-1000
04/02/2016 04:25,SCH - HQ_CEDARS,325274,0,199,-100
04/02/2016 04:25,SCH - HQ_IMPORT_EXPORT,325376,381.05,1310,-9999
04/02/2016 04:25,SCH - NE - NY,23318,-565.13,1400,-1600
04/02/2016 04:25,SCH - NPX_1385,325277,44,200,-200
04/02/2016 04:25,SCH - NPX_CSC,325154,330,330,-330
04/02/2016 04:25,SCH - OH - NY,23317,799.65,1100,-1900
04/02/2016 04:25,SCH - PJ - NY,23316,-507,2600,-1300
04/02/2016 04:25,SCH - PJM_HTP,325905,0,0,0
04/02/2016 04:25,SCH - PJM_NEPTUNE,325305,434.99,660,-660
04/02/2016 04:25,SCH - PJM_VFT,325658,24.98,315,-315
04/02/2016 04:25,SPR/DUN-SOUTH,23320,1508.98,4600,-9999
04/02/2016 04:25,TOTAL EAST,23314,3045.03,6500,-9999
04/02/2016 04:25,UPNY CONED,23315,906.74,4150,-9999
04/02/2016 04:25,WEST CENTRAL,23312,893.44,9999,-9999
04/02/2016 04:30,CENTRAL EAST - VC,23330,2179.09,2285,-9999
04/02/2016 04:30,DYSINGER EAST,23326,1022.84,3150,-9999
04/02/2016 04:30,MOSES SOUTH,23319,938.22,2650,-1600
04/02/2016 04:30,SCH - HQ - NY,23324,640.01,1500,-1000
04/02/2016 04:30,SCH - HQ_CEDARS,325274,0,199,-100
04/02/2016 04:30,SCH - HQ_IMPORT_EXPORT,325376,381.01,1310,-9999
04/02/2016 04:30,SCH - NE - NY,23318,-564.94,1400,-1600
04/02/2016 04:30,SCH - NPX_1385,325277,44,200,-200
04/02/2016 04:30,SCH - NPX_CSC,325154,330,330,-330
04/02/2016 04:30,SCH - OH - NY,23317,799.65,1100,-1900
04/02/2016 04:30,SCH - PJ - NY,23316,-494.74,2600,-1300
04/02/2016 04:30,SCH - PJM_HTP,325905,0,0,0
04/02/2016 04:30,SCH - PJM_NEPTUNE,325305,435,660,-660
04/02/2016 04:30,SCH - PJM_VFT,325658,24.99,315,-315
04/02/2016 04:30,SPR/DUN-SOUTH,23320,1499.46,4600,-9999
04/02/2016 04:30,TOTAL EAST,23314,3012.58,6500,-9999
04/02/2016 04:30,UPNY CONED,23315,904.88,4150,-9999
04/02/2016 04:30,WEST CENTRAL,23312,839.53,9999,-9999
04/02/2016 04:35,CENTRAL EAST - VC,23330,2179.56,2285,-9999
04/02/2016 04:35,DYSINGER EAST,23326,1012.67,3150,-9999
04/02/2016 04:35,MOSES SOUTH,23319,953.1,2650,-1600
04/02/2016 04:35,SCH - HQ - NY,23324,640.06,1500,-1000
04/02/2016 04:35,SCH - HQ_CEDARS,325274,0,199,-100
04/02/2016 04:35,SCH - HQ_IMPORT_EXPORT,325376,381.04,1310,-9999
04/02/2016 04:35,SCH - NE - NY,23318,-565.08,1400,-1600
04/02/2016 04:35,SCH - NPX_1385,325277,44,200,-200
04/02/2016 04:35,SCH - NPX_CSC,325154,330,330,-330
04/02/2016 04:35,SCH - OH - NY,23317,795.14,1100,-1900
04/02/2016 04:35,SCH - PJ - NY,23316,-480.64,2600,-1300
04/02/2016 04:35,SCH - PJM_HTP,325905,0,0,0
04/02/2016 04:35,SCH - PJM_NEPTUNE,325305,434.99,660,-660
04/02/2016 04:35,SCH - PJM_VFT,325658,24.98,315,-315
04/02/2016 04:35,SPR/DUN-SOUTH,23320,1495.7,4600,-9999
04/02/2016 04:35,TOTAL EAST,23314,3010.28,6500,-9999
04/02/2016 04:35,UPNY CONED,23315,885.91,4150,-9999
04/02/2016 04:35,WEST CENTRAL,23312,827.55,9999,-9999
04/02/2016 04:40,CENTRAL EAST - VC,23330,2185.49,2285,-9999
04/02/2016 04:40,DYSINGER EAST,23326,1085.95,3150,-9999
04/02/2016 04:40,MOSES SOUTH,23319,933.95,2650,-1600
04/02/2016 04:40,SCH - HQ - NY,23324,640.06,1500,-1000
04/02/2016 04:40,SCH - HQ_CEDARS,325274,0,199,-100
04/02/2016 04:40,SCH - HQ_IMPORT_EXPORT,325376,381.04,1310,-9999
04/02/2016 04:40,SCH - NE - NY,23318,-565.12,1400,-1600
04/02/2016 04:40,SCH - NPX_1385,325277,44,200,-200
04/02/2016 04:40,SCH - NPX_CSC,325154,330,330,-330
04/02/2016 04:40,SCH - OH - NY,23317,799.76,1100,-1900
04/02/2016 04:40,SCH - PJ - NY,23316,-487.7,2600,-1300
04/02/2016 04:40,SCH - PJM_HTP,325905,0,0,0
04/02/2016 04:40,SCH - PJM_NEPTUNE,325305,434.99,660,-660
04/02/2016 04:40,SCH - PJM_VFT,325658,24.98,315,-315
04/02/2016 04:40,SPR/DUN-SOUTH,23320,1510.22,4600,-9999
04/02/2016 04:40,TOTAL EAST,23314,3097.71,6500,-9999
04/02/2016 04:40,UPNY CONED,23315,924.93,4150,-9999
04/02/2016 04:40,WEST CENTRAL,23312,896.07,9999,-9999
04/02/2016 04:45,CENTRAL EAST - VC,23330,2177.1,2285,-9999
04/02/2016 04:45,DYSINGER EAST,23326,940.27,3150,-9999
04/02/2016 04:45,MOSES SOUTH,23319,986.66,2650,-1600
04/02/2016 04:45,SCH - HQ - NY,23324,640.06,1500,-1000
04/02/2016 04:45,SCH - HQ_CEDARS,325274,0,199,-100
04/02/2016 04:45,SCH - HQ_IMPORT_EXPORT,325376,381.04,1310,-9999
04/02/2016 04:45,SCH - NE - NY,23318,-620,1400,-1600
04/02/2016 04:45,SCH - NPX_1385,325277,44,200,-200
04/02/2016 04:45,SCH - NPX_CSC,325154,330,330,-330
04/02/2016 04:45,SCH - OH - NY,23317,796.52,1100,-1900
04/02/2016 04:45,SCH - PJ - NY,23316,-499.32,2600,-1300
04/02/2016 04:45,SCH - PJM_HTP,325905,0,0,0
04/02/2016 04:45,SCH - PJM_NEPTUNE,325305,434.99,660,-660
04/02/2016 04:45,SCH - PJM_VFT,325658,24.98,315,-315
04/02/2016 04:45,SPR/DUN-SOUTH,23320,1618.46,4600,-9999
04/02/2016 04:45,TOTAL EAST,23314,2936.46,6500,-9999
04/02/2016 04:45,UPNY CONED,23315,1042.68,4150,-9999
04/02/2016 04:45,WEST CENTRAL,23312,751.71,9999,-9999
04/02/2016 04:50,CENTRAL EAST - VC,23330,2185.38,2285,-9999
04/02/2016 04:50,DYSINGER EAST,23326,1008.44,3150,-9999
04/02/2016 04:50,MOSES SOUTH,23319,918.12,2650,-1600
04/02/2016 04:50,SCH - HQ - NY,23324,640.01,1500,-1000
04/02/2016 04:50,SCH - HQ_CEDARS,325274,0,199,-100
04/02/2016 04:50,SCH - HQ_IMPORT_EXPORT,325376,381.01,1310,-9999
04/02/2016 04:50,SCH - NE - NY,23318,-674.67,1400,-1600
04/02/2016 04:50,SCH - NPX_1385,325277,44,200,-200
04/02/2016 04:50,SCH - NPX_CSC,325154,330,330,-330
04/02/2016 04:50,SCH - OH - NY,23317,799.76,1100,-1900
04/02/2016 04:50,SCH - PJ - NY,23316,-523.41,2600,-1300
04/02/2016 04:50,SCH - PJM_HTP,325905,0,0,0
04/02/2016 04:50,SCH - PJM_NEPTUNE,325305,435,660,-660
04/02/2016 04:50,SCH - PJM_VFT,325658,24.99,315,-315
04/02/2016 04:50,SPR/DUN-SOUTH,23320,1612.56,4600,-9999
04/02/2016 04:50,TOTAL EAST,23314,2984.09,6500,-9999
04/02/2016 04:50,UPNY CONED,23315,1037.26,4150,-9999
04/02/2016 04:50,WEST CENTRAL,23312,818.22,9999,-9999
04/02/2016 04:55,CENTRAL EAST - VC,23330,2185.23,2285,-9999
04/02/2016 04:55,DYSINGER EAST,23326,986,3150,-9999
04/02/2016 04:55,MOSES SOUTH,23319,890.67,2650,-1600
04/02/2016 04:55,SCH - HQ - NY,23324,640.01,1500,-1000
04/02/2016 04:55,SCH - HQ_CEDARS,325274,0,199,-100
04/02/2016 04:55,SCH - HQ_IMPORT_EXPORT,325376,381,1310,-9999
04/02/2016 04:55,SCH - NE - NY,23318,-674.74,1400,-1600
04/02/2016 04:55,SCH - NPX_1385,325277,44,200,-200
04/02/2016 04:55,SCH - NPX_CSC,325154,330,330,-330
04/02/2016 04:55,SCH - OH - NY,23317,799.54,1100,-1900
04/02/2016 04:55,SCH - PJ - NY,23316,-522.71,2600,-1300
04/02/2016 04:55,SCH - PJM_HTP,325905,0,0,0
04/02/2016 04:55,SCH - PJM_NEPTUNE,325305,435,660,-660
04/02/2016 04:55,SCH - PJM_VFT,325658,24.99,315,-315
04/02/2016 04:55,SPR/DUN-SOUTH,23320,1607.57,4600,-9999
04/02/2016 04:55,TOTAL EAST,23314,2994.23,6500,-9999
04/02/2016 04:55,UPNY CONED,23315,1040.07,4150,-9999
04/02/2016 04:55,WEST CENTRAL,23312,791.04,9999,-9999
04/02/2016 05:00,CENTRAL EAST - VC,23330,2132.8,2285,-9999
04/02/2016 05:00,DYSINGER EAST,23326,853.56,3150,-9999
04/02/2016 05:00,MOSES SOUTH,23319,926.89,2650,-1600
04/02/2016 05:00,SCH - HQ - NY,23324,640.03,1500,-1000
04/02/2016 05:00,SCH - HQ_CEDARS,325274,0,199,-100
04/02/2016 05:00,SCH - HQ_IMPORT_EXPORT,325376,381,1310,-9999
04/02/2016 05:00,SCH - NE - NY,23318,-646.77,1400,-1600
04/02/2016 05:00,SCH - NPX_1385,325277,22,200,-200
04/02/2016 05:00,SCH - NPX_CSC,325154,330,330,-330
04/02/2016 05:00,SCH - OH - NY,23317,799.62,1100,-1900
04/02/2016 05:00,SCH - PJ - NY,23316,-461.97,2600,-1300
04/02/2016 05:00,SCH - PJM_HTP,325905,0,0,0
04/02/2016 05:00,SCH - PJM_NEPTUNE,325305,496.99,660,-660
04/02/2016 05:00,SCH - PJM_VFT,325658,11.98,315,-315
04/02/2016 05:00,SPR/DUN-SOUTH,23320,1583.94,4600,-9999
04/02/2016 05:00,TOTAL EAST,23314,2962.68,6500,-9999
04/02/2016 05:00,UPNY CONED,23315,1023.18,4150,-9999
04/02/2016 05:00,WEST CENTRAL,23312,659.3,9999,-9999
04/02/2016 05:05,CENTRAL EAST - VC,23330,2117.18,2285,-9999
04/02/2016 05:05,DYSINGER EAST,23326,830.03,3150,-9999
04/02/2016 05:05,MOSES SOUTH,23319,951.13,2650,-1600
04/02/2016 05:05,SCH - HQ - NY,23324,640.01,1500,-1000
04/02/2016 05:05,SCH - HQ_CEDARS,325274,0,199,-100
04/02/2016 05:05,SCH - HQ_IMPORT_EXPORT,325376,381,1310,-9999
04/02/2016 05:05,SCH - NE - NY,23318,-619.28,1400,-1600
04/02/2016 05:05,SCH - NPX_1385,325277,0,200,-200
04/02/2016 05:05,SCH - NPX_CSC,325154,330,330,-330
04/02/2016 05:05,SCH - OH - NY,23317,799.72,1100,-1900
04/02/2016 05:05,SCH - PJ - NY,23316,-400.34,2600,-1300
04/02/2016 05:05,SCH - PJM_HTP,325905,0,0,0
04/02/2016 05:05,SCH - PJM_NEPTUNE,325305,559,660,-660
04/02/2016 05:05,SCH - PJM_VFT,325658,0,315,-315
04/02/2016 05:05,SPR/DUN-SOUTH,23320,1589.33,4600,-9999
04/02/2016 05:05,TOTAL EAST,23314,2966.43,6500,-9999
04/02/2016 05:05,UPNY CONED,23315,1037.76,4150,-9999
04/02/2016 05:05,WEST CENTRAL,23312,633.31,9999,-9999
04/02/2016 05:10,CENTRAL EAST - VC,23330,2181.5,2285,-9999
04/02/2016 05:10,DYSINGER EAST,23326,956.27,3150,-9999
04/02/2016 05:10,MOSES SOUTH,23319,954.62,2650,-1600
04/02/2016 05:10,SCH - HQ - NY,23324,640,1500,-1000
04/02/2016 05:10,SCH - HQ_CEDARS,325274,0,199,-100
04/02/2016 05:10,SCH - HQ_IMPORT_EXPORT,325376,381,1310,-9999
04/02/2016 05:10,SCH - NE - NY,23318,-618.96,1400,-1600
04/02/2016 05:10,SCH - NPX_1385,325277,0,200,-200
04/02/2016 05:10,SCH - NPX_CSC,325154,330,330,-330
04/02/2016 05:10,SCH - OH - NY,23317,801.5,1100,-1900
04/02/2016 05:10,SCH - PJ - NY,23316,-403.25,2600,-1300
04/02/2016 05:10,SCH - PJM_HTP,325905,0,0,0
04/02/2016 05:10,SCH - PJM_NEPTUNE,325305,559,660,-660
04/02/2016 05:10,SCH - PJM_VFT,325658,0,315,-315
04/02/2016 05:10,SPR/DUN-SOUTH,23320,1631.4,4600,-9999
04/02/2016 05:10,TOTAL EAST,23314,2984.24,6500,-9999
04/02/2016 05:10,UPNY CONED,23315,1086.79,4150,-9999
04/02/2016 05:10,WEST CENTRAL,23312,752.97,9999,-9999
04/02/2016 05:15,CENTRAL EAST - VC,23330,2188.17,2285,-9999
04/02/2016 05:15,DYSINGER EAST,23326,1049.03,3150,-9999
04/02/2016 05:15,MOSES SOUTH,23319,980.79,2650,-1600
04/02/2016 05:15,SCH - HQ - NY,23324,640.02,1500,-1000
04/02/2016 05:15,SCH - HQ_CEDARS,325274,0,199,-100
04/02/2016 05:15,SCH - HQ_IMPORT_EXPORT,325376,381,1310,-9999
04/02/2016 05:15,SCH - NE - NY,23318,-665.01,1400,-1600
04/02/2016 05:15,SCH - NPX_1385,325277,0,200,-200
04/02/2016 05:15,SCH - NPX_CSC,325154,330,330,-330
04/02/2016 05:15,SCH - OH - NY,23317,800.52,1100,-1900
04/02/2016 05:15,SCH - PJ - NY,23316,-401.21,2600,-1300
04/02/2016 05:15,SCH - PJM_HTP,325905,0,0,0
04/02/2016 05:15,SCH - PJM_NEPTUNE,325305,558.99,660,-660
04/02/2016 05:15,SCH - PJM_VFT,325658,0,315,-315
04/02/2016 05:15,SPR/DUN-SOUTH,23320,1534.7,4600,-9999
04/02/2016 05:15,TOTAL EAST,23314,2904.23,6500,-9999
04/02/2016 05:15,UPNY CONED,23315,980.25,4150,-9999
04/02/2016 05:15,WEST CENTRAL,23312,841.29,9999,-9999
04/02/2016 05:20,CENTRAL EAST - VC,23330,2175.18,2285,-9999
04/02/2016 05:20,DYSINGER EAST,23326,976.2,3150,-9999
04/02/2016 05:20,MOSES SOUTH,23319,959.48,2650,-1600
04/02/2016 05:20,SCH - HQ - NY,23324,640,1500,-1000
04/02/2016 05:20,SCH - HQ_CEDARS,325274,0,199,-100
04/02/2016 05:20,SCH - HQ_IMPORT_EXPORT,325376,381,1310,-9999
04/02/2016 05:20,SCH - NE - NY,23318,-710.92,1400,-1600
04/02/2016 05:20,SCH - NPX_1385,325277,0,200,-200
04/02/2016 05:20,SCH - NPX_CSC,325154,330,330,-330
04/02/2016 05:20,SCH - OH - NY,23317,802.4,1100,-1900
04/02/2016 05:20,SCH - PJ - NY,23316,-404.32,2600,-1300
04/02/2016 05:20,SCH - PJM_HTP,325905,0,0,0
04/02/2016 05:20,SCH - PJM_NEPTUNE,325305,559,660,-660
04/02/2016 05:20,SCH - PJM_VFT,325658,0,315,-315
04/02/2016 05:20,SPR/DUN-SOUTH,23320,1486.05,4600,-9999
04/02/2016 05:20,TOTAL EAST,23314,2800.14,6500,-9999
04/02/2016 05:20,UPNY CONED,23315,909.75,4150,-9999
04/02/2016 05:20,WEST CENTRAL,23312,769.67,9999,-9999
04/02/2016 05:25,CENTRAL EAST - VC,23330,2184.78,2285,-9999
04/02/2016 05:25,DYSINGER EAST,23326,1076.58,3150,-9999
04/02/2016 05:25,MOSES SOUTH,23319,958.41,2650,-1600
04/02/2016 05:25,SCH - HQ - NY,23324,640,1500,-1000
04/02/2016 05:25,SCH - HQ_CEDARS,325274,0,199,-100
04/02/2016 05:25,SCH - HQ_IMPORT_EXPORT,325376,381,1310,-9999
04/02/2016 05:25,SCH - NE - NY,23318,-711.18,1400,-1600
04/02/2016 05:25,SCH - NPX_1385,325277,0,200,-200
04/02/2016 05:25,SCH - NPX_CSC,325154,330,330,-330
04/02/2016 05:25,SCH - OH - NY,23317,802.59,1100,-1900
04/02/2016 05:25,SCH - PJ - NY,23316,-404.23,2600,-1300
04/02/2016 05:25,SCH - PJM_HTP,325905,0,0,0
04/02/2016 05:25,SCH - PJM_NEPTUNE,325305,559,660,-660
04/02/2016 05:25,SCH - PJM_VFT,325658,0,315,-315
04/02/2016 05:25,SPR/DUN-SOUTH,23320,1594.37,4600,-9999
04/02/2016 05:25,TOTAL EAST,23314,2892.45,6500,-9999
04/02/2016 05:25,UPNY CONED,23315,1037.93,4150,-9999
04/02/2016 05:25,WEST CENTRAL,23312,864.57,9999,-9999
04/02/2016 05:30,CENTRAL EAST - VC,23330,2184.91,2285,-9999
04/02/2016 05:30,DYSINGER EAST,23326,1087.19,3150,-9999
04/02/2016 05:30,MOSES SOUTH,23319,938.85,2650,-1600
04/02/2016 05:30,SCH - HQ - NY,23324,640,1500,-1000
04/02/2016 05:30,SCH - HQ_CEDARS,325274,0,199,-100
04/02/2016 05:30,SCH - HQ_IMPORT_EXPORT,325376,381,1310,-9999
04/02/2016 05:30,SCH - NE - NY,23318,-689.35,1400,-1600
04/02/2016 05:30,SCH - NPX_1385,325277,0,200,-200
04/02/2016 05:30,SCH - NPX_CSC,325154,330,330,-330
04/02/2016 05:30,SCH - OH - NY,23317,802.7,1100,-1900
04/02/2016 05:30,SCH - PJ - NY,23316,-404.18,2600,-1300
04/02/2016 05:30,SCH - PJM_HTP,325905,0,0,0
04/02/2016 05:30,SCH - PJM_NEPTUNE,325305,559,660,-660
04/02/2016 05:30,SCH - PJM_VFT,325658,0,315,-315
04/02/2016 05:30,SPR/DUN-SOUTH,23320,1678.22,4600,-9999
04/02/2016 05:30,TOTAL EAST,23314,2895.18,6500,-9999
04/02/2016 05:30,UPNY CONED,23315,1148.95,4150,-9999
04/02/2016 05:30,WEST CENTRAL,23312,872.72,9999,-9999
04/02/2016 05:35,CENTRAL EAST - VC,23330,2185.4,2285,-9999
04/02/2016 05:35,DYSINGER EAST,23326,1073.24,3150,-9999
04/02/2016 05:35,MOSES SOUTH,23319,939.48,2650,-1600
04/02/2016 05:35,SCH - HQ - NY,23324,640,1500,-1000
04/02/2016 05:35,SCH - HQ_CEDARS,325274,0,199,-100
04/02/2016 05:35,SCH - HQ_IMPORT_EXPORT,325376,381,1310,-9999
04/02/2016 05:35,SCH - NE - NY,23318,-668.5,1400,-1600
04/02/2016 05:35,SCH - NPX_1385,325277,0,200,-200
04/02/2016 05:35,SCH - NPX_CSC,325154,330,330,-330
04/02/2016 05:35,SCH - OH - NY,23317,802.46,1100,-1900
04/02/2016 05:35,SCH - PJ - NY,23316,-403,2600,-1300
04/02/2016 05:35,SCH - PJM_HTP,325905,0,0,0
04/02/2016 05:35,SCH - PJM_NEPTUNE,325305,559,660,-660
04/02/2016 05:35,SCH - PJM_VFT,325658,0,315,-315
04/02/2016 05:35,SPR/DUN-SOUTH,23320,1701.52,4600,-9999
04/02/2016 05:35,TOTAL EAST,23314,2927.94,6500,-9999
04/02/2016 05:35,UPNY CONED,23315,1183.33,4150,-9999
04/02/2016 05:35,WEST CENTRAL,23312,856.18,9999,-9999
04/02/2016 05:40,CENTRAL EAST - VC,23330,2185.03,2285,-9999
04/02/2016 05:40,DYSINGER EAST,23326,1110.94,3150,-9999
04/02/2016 05:40,MOSES SOUTH,23319,926.3,2650,-1600
04/02/2016 05:40,SCH - HQ - NY,23324,640.01,1500,-1000
04/02/2016 05:40,SCH - HQ_CEDARS,325274,0,199,-100
04/02/2016 05:40,SCH - HQ_IMPORT_EXPORT,325376,381,1310,-9999
04/02/2016 05:40,SCH - NE - NY,23318,-668.66,1400,-1600
04/02/2016 05:40,SCH - NPX_1385,325277,0,200,-200
04/02/2016 05:40,SCH - NPX_CSC,325154,330,330,-330
04/02/2016 05:40,SCH - OH - NY,23317,804.87,1100,-1900
04/02/2016 05:40,SCH - PJ - NY,23316,-406.03,2600,-1300
04/02/2016 05:40,SCH - PJM_HTP,325905,0,0,0
04/02/2016 05:40,SCH - PJM_NEPTUNE,325305,559,660,-660
04/02/2016 05:40,SCH - PJM_VFT,325658,0,315,-315
04/02/2016 05:40,SPR/DUN-SOUTH,23320,1683.61,4600,-9999
04/02/2016 05:40,TOTAL EAST,23314,2960.08,6500,-9999
04/02/2016 05:40,UPNY CONED,23315,1173.89,4150,-9999
04/02/2016 05:40,WEST CENTRAL,23312,891.34,9999,-9999
04/02/2016 05:45,CENTRAL EAST - VC,23330,2148.66,2285,-9999
04/02/2016 05:45,DYSINGER EAST,23326,1034.23,3150,-9999
04/02/2016 05:45,MOSES SOUTH,23319,983.45,2650,-1600
04/02/2016 05:45,SCH - HQ - NY,23324,640.03,1500,-1000
04/02/2016 05:45,SCH - HQ_CEDARS,325274,0,199,-100
04/02/2016 05:45,SCH - HQ_IMPORT_EXPORT,325376,381,1310,-9999
04/02/2016 05:45,SCH - NE - NY,23318,-632.77,1400,-1600
04/02/2016 05:45,SCH - NPX_1385,325277,0,200,-200
04/02/2016 05:45,SCH - NPX_CSC,325154,330.01,330,-330
04/02/2016 05:45,SCH - OH - NY,23317,800.23,1100,-1900
04/02/2016 05:45,SCH - PJ - NY,23316,-346.08,2600,-1300
04/02/2016 05:45,SCH - PJM_HTP,325905,0,0,0
04/02/2016 05:45,SCH - PJM_NEPTUNE,325305,558.99,660,-660
04/02/2016 05:45,SCH - PJM_VFT,325658,0,315,-315
04/02/2016 05:45,SPR/DUN-SOUTH,23320,1668.78,4600,-9999
04/02/2016 05:45,TOTAL EAST,23314,2962.74,6500,-9999
04/02/2016 05:45,UPNY CONED,23315,1196.84,4150,-9999
04/02/2016 05:45,WEST CENTRAL,23312,814.59,9999,-9999
04/02/2016 05:50,CENTRAL EAST - VC,23330,2088.38,2285,-9999
04/02/2016 05:50,DYSINGER EAST,23326,915.82,3150,-9999
04/02/2016 05:50,MOSES SOUTH,23319,968.51,2650,-1600
04/02/2016 05:50,SCH - HQ - NY,23324,640.03,1500,-1000
04/02/2016 05:50,SCH - HQ_CEDARS,325274,0,199,-100
04/02/2016 05:50,SCH - HQ_IMPORT_EXPORT,325376,381,1310,-9999
04/02/2016 05:50,SCH - NE - NY,23318,-597.82,1400,-1600
04/02/2016 05:50,SCH - NPX_1385,325277,0,200,-200
04/02/2016 05:50,SCH - NPX_CSC,325154,330.01,330,-330
04/02/2016 05:50,SCH - OH - NY,23317,800.19,1100,-1900
04/02/2016 05:50,SCH - PJ - NY,23316,-291.45,2600,-1300
04/02/2016 05:50,SCH - PJM_HTP,325905,0,0,0
04/02/2016 05:50,SCH - PJM_NEPTUNE,325305,558.99,660,-660
04/02/2016 05:50,SCH - PJM_VFT,325658,0,315,-315
04/02/2016 05:50,SPR/DUN-SOUTH,23320,1686.31,4600,-9999
04/02/2016 05:50,TOTAL EAST,23314,2867.33,6500,-9999
04/02/2016 05:50,UPNY CONED,23315,1237.51,4150,-9999
04/02/2016 05:50,WEST CENTRAL,23312,694.81,9999,-9999
04/02/2016 05:55,CENTRAL EAST - VC,23330,2027.06,2285,-9999
04/02/2016 05:55,DYSINGER EAST,23326,846.17,3150,-9999
04/02/2016 05:55,MOSES SOUTH,23319,985.03,2650,-1600
04/02/2016 05:55,SCH - HQ - NY,23324,640,1500,-1000
04/02/2016 05:55,SCH - HQ_CEDARS,325274,0,199,-100
04/02/2016 05:55,SCH - HQ_IMPORT_EXPORT,325376,381,1310,-9999
04/02/2016 05:55,SCH - NE - NY,23318,-597.91,1400,-1600
04/02/2016 05:55,SCH - NPX_1385,325277,0,200,-200
04/02/2016 05:55,SCH - NPX_CSC,325154,330,330,-330
04/02/2016 05:55,SCH - OH - NY,23317,802.31,1100,-1900
04/02/2016 05:55,SCH - PJ - NY,23316,-294.46,2600,-1300
04/02/2016 05:55,SCH - PJM_HTP,325905,0,0,0
04/02/2016 05:55,SCH - PJM_NEPTUNE,325305,559,660,-660
04/02/2016 05:55,SCH - PJM_VFT,325658,0,315,-315
04/02/2016 05:55,SPR/DUN-SOUTH,23320,1666.45,4600,-9999
04/02/2016 05:55,TOTAL EAST,23314,2775.8,6500,-9999
04/02/2016 05:55,UPNY CONED,23315,1218.02,4150,-9999
04/02/2016 05:55,WEST CENTRAL,23312,621.26,9999,-9999
04/02/2016 06:00,CENTRAL EAST - VC,23330,2075.96,2285,-9999
04/02/2016 06:00,DYSINGER EAST,23326,758.83,3150,-9999
04/02/2016 06:00,MOSES SOUTH,23319,1162.12,2650,-1600
04/02/2016 06:00,SCH - HQ - NY,23324,738.02,1500,-1000
04/02/2016 06:00,SCH - HQ_CEDARS,325274,0,199,-100
04/02/2016 06:00,SCH - HQ_IMPORT_EXPORT,325376,479,1310,-9999
04/02/2016 06:00,SCH - NE - NY,23318,-557.01,1400,-1600
04/02/2016 06:00,SCH - NPX_1385,325277,0,200,-200
04/02/2016 06:00,SCH - NPX_CSC,325154,330,330,-330
04/02/2016 06:00,SCH - OH - NY,23317,800.29,1100,-1900
04/02/2016 06:00,SCH - PJ - NY,23316,-364.38,2600,-1300
04/02/2016 06:00,SCH - PJM_HTP,325905,0,0,0
04/02/2016 06:00,SCH - PJM_NEPTUNE,325305,497.99,660,-660
04/02/2016 06:00,SCH - PJM_VFT,325658,0,315,-315
04/02/2016 06:00,SPR/DUN-SOUTH,23320,1725.5,4600,-9999
04/02/2016 06:00,TOTAL EAST,23314,2746.1,6500,-9999
04/02/2016 06:00,UPNY CONED,23315,1360.19,4150,-9999
04/02/2016 06:00,WEST CENTRAL,23312,528.28,9999,-9999
04/02/2016 06:05,CENTRAL EAST - VC,23330,2094.67,2285,-9999
04/02/2016 06:05,DYSINGER EAST,23326,710.94,3150,-9999
04/02/2016 06:05,MOSES SOUTH,23319,1232.77,2650,-1600
04/02/2016 06:05,SCH - HQ - NY,23324,837,1500,-1000
04/02/2016 06:05,SCH - HQ_CEDARS,325274,0,199,-100
04/02/2016 06:05,SCH - HQ_IMPORT_EXPORT,325376,578,1310,-9999
04/02/2016 06:05,SCH - NE - NY,23318,-516.81,1400,-1600
04/02/2016 06:05,SCH - NPX_1385,325277,0,200,-200
04/02/2016 06:05,SCH - NPX_CSC,325154,330,330,-330
04/02/2016 06:05,SCH - OH - NY,23317,801.85,1100,-1900
04/02/2016 06:05,SCH - PJ - NY,23316,-438.3,2600,-1300
04/02/2016 06:05,SCH - PJM_HTP,325905,0,0,0
04/02/2016 06:05,SCH - PJM_NEPTUNE,325305,437,660,-660
04/02/2016 06:05,SCH - PJM_VFT,325658,0,315,-315
04/02/2016 06:05,SPR/DUN-SOUTH,23320,1777.81,4600,-9999
04/02/2016 06:05,TOTAL EAST,23314,2717.55,6500,-9999
04/02/2016 06:05,UPNY CONED,23315,1502.78,4150,-9999
04/02/2016 06:05,WEST CENTRAL,23312,473.01,9999,-9999
04/02/2016 06:10,CENTRAL EAST - VC,23330,2035.84,2285,-9999
04/02/2016 06:10,DYSINGER EAST,23326,898.09,3150,-9999
04/02/2016 06:10,MOSES SOUTH,23319,1188.72,2650,-1600
04/02/2016 06:10,SCH - HQ - NY,23324,837.02,1500,-1000
04/02/2016 06:10,SCH - HQ_CEDARS,325274,0,199,-100
04/02/2016 06:10,SCH - HQ_IMPORT_EXPORT,325376,578.02,1310,-9999
04/02/2016 06:10,SCH - NE - NY,23318,-517.43,1400,-1600
04/02/2016 06:10,SCH - NPX_1385,325277,0,200,-200
04/02/2016 06:10,SCH - NPX_CSC,325154,330,330,-330
04/02/2016 06:10,SCH - OH - NY,23317,800.73,1100,-1900
04/02/2016 06:10,SCH - PJ - NY,23316,-433.97,2600,-1300
04/02/2016 06:10,SCH - PJM_HTP,325905,0,0,0
04/02/2016 06:10,SCH - PJM_NEPTUNE,325305,437,660,-660
04/02/2016 06:10,SCH - PJM_VFT,325658,0,315,-315
04/02/2016 06:10,SPR/DUN-SOUTH,23320,1723.81,4600,-9999
04/02/2016 06:10,TOTAL EAST,23314,2773.78,6500,-9999
04/02/2016 06:10,UPNY CONED,23315,1461.32,4150,-9999
04/02/2016 06:10,WEST CENTRAL,23312,647.18,9999,-9999
04/02/2016 06:15,CENTRAL EAST - VC,23330,2037.13,2285,-9999
04/02/2016 06:15,DYSINGER EAST,23326,914.34,3150,-9999
04/02/2016 06:15,MOSES SOUTH,23319,1112.69,2650,-1600
04/02/2016 06:15,SCH - HQ - NY,23324,837.03,1500,-1000
04/02/2016 06:15,SCH - HQ_CEDARS,325274,0,199,-100
04/02/2016 06:15,SCH - HQ_IMPORT_EXPORT,325376,578.02,1310,-9999
04/02/2016 06:15,SCH - NE - NY,23318,-579.38,1400,-1600
04/02/2016 06:15,SCH - NPX_1385,325277,0,200,-200
04/02/2016 06:15,SCH - NPX_CSC,325154,330,330,-330
04/02/2016 06:15,SCH - OH - NY,23317,800.61,1100,-1900
04/02/2016 06:15,SCH - PJ - NY,23316,-386.1,2600,-1300
04/02/2016 06:15,SCH - PJM_HTP,325905,0,0,0
04/02/2016 06:15,SCH - PJM_NEPTUNE,325305,437,660,-660
04/02/2016 06:15,SCH - PJM_VFT,325658,0,315,-315
04/02/2016 06:15,SPR/DUN-SOUTH,23320,1708.83,4600,-9999
04/02/2016 06:15,TOTAL EAST,23314,2853.74,6500,-9999
04/02/2016 06:15,UPNY CONED,23315,1448.57,4150,-9999
04/02/2016 06:15,WEST CENTRAL,23312,658.09,9999,-9999
04/02/2016 06:20,CENTRAL EAST - VC,23330,2077.55,2285,-9999
04/02/2016 06:20,DYSINGER EAST,23326,891.42,3150,-9999
04/02/2016 06:20,MOSES SOUTH,23319,1144.63,2650,-1600
04/02/2016 06:20,SCH - HQ - NY,23324,837.04,1500,-1000
04/02/2016 06:20,SCH - HQ_CEDARS,325274,0,199,-100
04/02/2016 06:20,SCH - HQ_IMPORT_EXPORT,325376,578,1310,-9999
04/02/2016 06:20,SCH - NE - NY,23318,-641.68,1400,-1600
04/02/2016 06:20,SCH - NPX_1385,325277,0,200,-200
04/02/2016 06:20,SCH - NPX_CSC,325154,330.01,330,-330
04/02/2016 06:20,SCH - OH - NY,23317,802.51,1100,-1900
04/02/2016 06:20,SCH - PJ - NY,23316,-336.05,2600,-1300
04/02/2016 06:20,SCH - PJM_HTP,325905,0,0,0
04/02/2016 06:20,SCH - PJM_NEPTUNE,325305,436.99,660,-660
04/02/2016 06:20,SCH - PJM_VFT,325658,0,315,-315
04/02/2016 06:20,SPR/DUN-SOUTH,23320,1736.92,4600,-9999
04/02/2016 06:20,TOTAL EAST,23314,2971.49,6500,-9999
04/02/2016 06:20,UPNY CONED,23315,1482.29,4150,-9999
04/02/2016 06:20,WEST CENTRAL,23312,633.53,9999,-9999
04/02/2016 06:25,CENTRAL EAST - VC,23330,2132.37,2285,-9999
04/02/2016 06:25,DYSINGER EAST,23326,928.17,3150,-9999
04/02/2016 06:25,MOSES SOUTH,23319,1153.84,2650,-1600
04/02/2016 06:25,SCH - HQ - NY,23324,837.01,1500,-1000
04/02/2016 06:25,SCH - HQ_CEDARS,325274,0,199,-100
04/02/2016 06:25,SCH - HQ_IMPORT_EXPORT,325376,578,1310,-9999
04/02/2016 06:25,SCH - NE - NY,23318,-641.27,1400,-1600
04/02/2016 06:25,SCH - NPX_1385,325277,0,200,-200
04/02/2016 06:25,SCH - NPX_CSC,325154,330,330,-330
04/02/2016 06:25,SCH - OH - NY,23317,802.53,1100,-1900
04/02/2016 06:25,SCH - PJ - NY,23316,-339.6,2600,-1300
04/02/2016 06:25,SCH - PJM_HTP,325905,0,0,0
04/02/2016 06:25,SCH - PJM_NEPTUNE,325305,437,660,-660
04/02/2016 06:25,SCH - PJM_VFT,325658,0,315,-315
04/02/2016 06:25,SPR/DUN-SOUTH,23320,1764.73,4600,-9999
04/02/2016 06:25,TOTAL EAST,23314,3004.4,6500,-9999
04/02/2016 06:25,UPNY CONED,23315,1512.47,4150,-9999
04/02/2016 06:25,WEST CENTRAL,23312,666.65,9999,-9999
04/02/2016 06:30,CENTRAL EAST - VC,23330,2097.89,2285,-9999
04/02/2016 06:30,DYSINGER EAST,23326,950.62,3150,-9999
04/02/2016 06:30,MOSES SOUTH,23319,1140.41,2650,-1600
04/02/2016 06:30,SCH - HQ - NY,23324,837,1500,-1000
04/02/2016 06:30,SCH - HQ_CEDARS,325274,0,199,-100
04/02/2016 06:30,SCH - HQ_IMPORT_EXPORT,325376,578,1310,-9999
04/02/2016 06:30,SCH - NE - NY,23318,-667.28,1400,-1600
04/02/2016 06:30,SCH - NPX_1385,325277,0,200,-200
04/02/2016 06:30,SCH - NPX_CSC,325154,330,330,-330
04/02/2016 06:30,SCH - OH - NY,23317,802.46,1100,-1900
04/02/2016 06:30,SCH - PJ - NY,23316,-301.07,2600,-1300
04/02/2016 06:30,SCH - PJM_HTP,325905,0,0,0
04/02/2016 06:30,SCH - PJM_NEPTUNE,325305,437,660,-660
04/02/2016 06:30,SCH - PJM_VFT,325658,0,315,-315
04/02/2016 06:30,SPR/DUN-SOUTH,23320,1736.13,4600,-9999
04/02/2016 06:30,TOTAL EAST,23314,3025.03,6500,-9999
04/02/2016 06:30,UPNY CONED,23315,1480.6,4150,-9999
04/02/2016 06:30,WEST CENTRAL,23312,689.46,9999,-9999
04/02/2016 06:35,CENTRAL EAST - VC,23330,2119.06,2285,-9999
04/02/2016 06:35,DYSINGER EAST,23326,932.26,3150,-9999
04/02/2016 06:35,MOSES SOUTH,23319,1170.65,2650,-1600
04/02/2016 06:35,SCH - HQ - NY,23324,837.01,1500,-1000
04/02/2016 06:35,SCH - HQ_CEDARS,325274,0,199,-100
04/02/2016 06:35,SCH - HQ_IMPORT_EXPORT,325376,578,1310,-9999
04/02/2016 06:35,SCH - NE - NY,23318,-694.4,1400,-1600
04/02/2016 06:35,SCH - NPX_1385,325277,0,200,-200
04/02/2016 06:35,SCH - NPX_CSC,325154,330,330,-330
04/02/2016 06:35,SCH - OH - NY,23317,800.22,1100,-1900
04/02/2016 06:35,SCH - PJ - NY,23316,-233.98,2600,-1300
04/02/2016 06:35,SCH - PJM_HTP,325905,0,0,0
04/02/2016 06:35,SCH - PJM_NEPTUNE,325305,436.99,660,-660
04/02/2016 06:35,SCH - PJM_VFT,325658,0,315,-315
04/02/2016 06:35,SPR/DUN-SOUTH,23320,1742.63,4600,-9999
04/02/2016 06:35,TOTAL EAST,23314,3066.38,6500,-9999
04/02/2016 06:35,UPNY CONED,23315,1493.01,4150,-9999
04/02/2016 06:35,WEST CENTRAL,23312,667.83,9999,-9999
04/02/2016 06:40,CENTRAL EAST - VC,23330,2121.58,2285,-9999
04/02/2016 06:40,DYSINGER EAST,23326,947.54,3150,-9999
04/02/2016 06:40,MOSES SOUTH,23319,1144.03,2650,-1600
04/02/2016 06:40,SCH - HQ - NY,23324,837.01,1500,-1000
04/02/2016 06:40,SCH - HQ_CEDARS,325274,0,199,-100
04/02/2016 06:40,SCH - HQ_IMPORT_EXPORT,325376,578,1310,-9999
04/02/2016 06:40,SCH - NE - NY,23318,-694.33,1400,-1600
04/02/2016 06:40,SCH - NPX_1385,325277,0,200,-200
04/02/2016 06:40,SCH - NPX_CSC,325154,330.01,330,-330
04/02/2016 06:40,SCH - OH - NY,23317,801.25,1100,-1900
04/02/2016 06:40,SCH - PJ - NY,23316,-224.35,2600,-1300
04/02/2016 06:40,SCH - PJM_HTP,325905,0,0,0
04/02/2016 06:40,SCH - PJM_NEPTUNE,325305,436.99,660,-660
04/02/2016 06:40,SCH - PJM_VFT,325658,0,315,-315
04/02/2016 06:40,SPR/DUN-SOUTH,23320,1750.36,4600,-9999
04/02/2016 06:40,TOTAL EAST,23314,3083.8,6500,-9999
04/02/2016 06:40,UPNY CONED,23315,1505.07,4150,-9999
04/02/2016 06:40,WEST CENTRAL,23312,675.7,9999,-9999
04/02/2016 06:45,CENTRAL EAST - VC,23330,2148.85,2285,-9999
04/02/2016 06:45,DYSINGER EAST,23326,992.51,3150,-9999
04/02/2016 06:45,MOSES SOUTH,23319,1166.67,2650,-1600
04/02/2016 06:45,SCH - HQ - NY,23324,837,1500,-1000
04/02/2016 06:45,SCH - HQ_CEDARS,325274,0,199,-100
04/02/2016 06:45,SCH - HQ_IMPORT_EXPORT,325376,578,1310,-9999
04/02/2016 06:45,SCH - NE - NY,23318,-746.81,1400,-1600
04/02/2016 06:45,SCH - NPX_1385,325277,0,200,-200
04/02/2016 06:45,SCH - NPX_CSC,325154,330,330,-330
04/02/2016 06:45,SCH - OH - NY,23317,802.38,1100,-1900
04/02/2016 06:45,SCH - PJ - NY,23316,-159.74,2600,-1300
04/02/2016 06:45,SCH - PJM_HTP,325905,0,0,0
04/02/2016 06:45,SCH - PJM_NEPTUNE,325305,437,660,-660
04/02/2016 06:45,SCH - PJM_VFT,325658,0,315,-315
04/02/2016 06:45,SPR/DUN-SOUTH,23320,1764.65,4600,-9999
04/02/2016 06:45,TOTAL EAST,23314,3149.9,6500,-9999
04/02/2016 06:45,UPNY CONED,23315,1517.36,4150,-9999
04/02/2016 06:45,WEST CENTRAL,23312,715.59,9999,-9999
04/02/2016 06:50,CENTRAL EAST - VC,23330,2161.55,2285,-9999
04/02/2016 06:50,DYSINGER EAST,23326,1051.83,3150,-9999
04/02/2016 06:50,MOSES SOUTH,23319,1126.31,2650,-1600
04/02/2016 06:50,SCH - HQ - NY,23324,837,1500,-1000
04/02/2016 06:50,SCH - HQ_CEDARS,325274,0,199,-100
04/02/2016 06:50,SCH - HQ_IMPORT_EXPORT,325376,578,1310,-9999
04/02/2016 06:50,SCH - NE - NY,23318,-800.59,1400,-1600
04/02/2016 06:50,SCH - NPX_1385,325277,0,200,-200
04/02/2016 06:50,SCH - NPX_CSC,325154,330,330,-330
04/02/2016 06:50,SCH - OH - NY,23317,803.06,1100,-1900
04/02/2016 06:50,SCH - PJ - NY,23316,-85.81,2600,-1300
04/02/2016 06:50,SCH - PJM_HTP,325905,0,0,0
04/02/2016 06:50,SCH - PJM_NEPTUNE,325305,437,660,-660
04/02/2016 06:50,SCH - PJM_VFT,325658,0,315,-315
04/02/2016 06:50,SPR/DUN-SOUTH,23320,1763.84,4600,-9999
04/02/2016 06:50,TOTAL EAST,23314,3159.3,6500,-9999
04/02/2016 06:50,UPNY CONED,23315,1523.71,4150,-9999
04/02/2016 06:50,WEST CENTRAL,23312,770.81,9999,-9999
04/02/2016 06:55,CENTRAL EAST - VC,23330,2181.65,2285,-9999
04/02/2016 06:55,DYSINGER EAST,23326,1044.44,3150,-9999
04/02/2016 06:55,MOSES SOUTH,23319,1105.4,2650,-1600
04/02/2016 06:55,SCH - HQ - NY,23324,837,1500,-1000
04/02/2016 06:55,SCH - HQ_CEDARS,325274,0,199,-100
04/02/2016 06:55,SCH - HQ_IMPORT_EXPORT,325376,578,1310,-9999
04/02/2016 06:55,SCH - NE - NY,23318,-800.33,1400,-1600
04/02/2016 06:55,SCH - NPX_1385,325277,0,200,-200
04/02/2016 06:55,SCH - NPX_CSC,325154,330,330,-330
04/02/2016 06:55,SCH - OH - NY,23317,802.33,1100,-1900
04/02/2016 06:55,SCH - PJ - NY,23316,-83.53,2600,-1300
04/02/2016 06:55,SCH - PJM_HTP,325905,0,0,0
04/02/2016 06:55,SCH - PJM_NEPTUNE,325305,437,660,-660
04/02/2016 06:55,SCH - PJM_VFT,325658,0,315,-315
04/02/2016 06:55,SPR/DUN-SOUTH,23320,1745.9,4600,-9999
04/02/2016 06:55,TOTAL EAST,23314,3246.62,6500,-9999
04/02/2016 06:55,UPNY CONED,23315,1505.93,4150,-9999
04/02/2016 06:55,WEST CENTRAL,23312,764.21,9999,-9999
04/02/2016 07:00,CENTRAL EAST - VC,23330,2183.61,2285,-9999
04/02/2016 07:00,DYSINGER EAST,23326,1047.47,3150,-9999
04/02/2016 07:00,MOSES SOUTH,23319,1239.67,2650,-1600
04/02/2016 07:00,SCH - HQ - NY,23324,838,1500,-1000
04/02/2016 07:00,SCH - HQ_CEDARS,325274,0,199,-100
04/02/2016 07:00,SCH - HQ_IMPORT_EXPORT,325376,579,1310,-9999
04/02/2016 07:00,SCH - NE - NY,23318,-798.85,1400,-1600
04/02/2016 07:00,SCH - NPX_1385,325277,0,200,-200
04/02/2016 07:00,SCH - NPX_CSC,325154,330,330,-330
04/02/2016 07:00,SCH - OH - NY,23317,734.68,1100,-1900
04/02/2016 07:00,SCH - PJ - NY,23316,-265.65,2600,-1300
04/02/2016 07:00,SCH - PJM_HTP,325905,0,0,0
04/02/2016 07:00,SCH - PJM_NEPTUNE,325305,548,660,-660
04/02/2016 07:00,SCH - PJM_VFT,325658,76,315,-315
04/02/2016 07:00,SPR/DUN-SOUTH,23320,1718.92,4600,-9999
04/02/2016 07:00,TOTAL EAST,23314,3092.39,6500,-9999
04/02/2016 07:00,UPNY CONED,23315,1371.26,4150,-9999
04/02/2016 07:00,WEST CENTRAL,23312,771.24,9999,-9999
04/02/2016 07:05,CENTRAL EAST - VC,23330,2125.7,2285,-9999
04/02/2016 07:05,DYSINGER EAST,23326,1054.28,3150,-9999
04/02/2016 07:05,MOSES SOUTH,23319,1248.47,2650,-1600
04/02/2016 07:05,SCH - HQ - NY,23324,839,1500,-1000
04/02/2016 07:05,SCH - HQ_CEDARS,325274,0,199,-100
04/02/2016 07:05,SCH - HQ_IMPORT_EXPORT,325376,580,1310,-9999
04/02/2016 07:05,SCH - NE - NY,23318,-797.77,1400,-1600
04/02/2016 07:05,SCH - NPX_1385,325277,0,200,-200
04/02/2016 07:05,SCH - NPX_CSC,325154,330,330,-330
04/02/2016 07:05,SCH - OH - NY,23317,667.24,1100,-1900
04/02/2016 07:05,SCH - PJ - NY,23316,-442.78,2600,-1300
04/02/2016 07:05,SCH - PJM_HTP,325905,0,0,0
04/02/2016 07:05,SCH - PJM_NEPTUNE,325305,660,660,-660
04/02/2016 07:05,SCH - PJM_VFT,325658,151,315,-315
04/02/2016 07:05,SPR/DUN-SOUTH,23320,1671.08,4600,-9999
04/02/2016 07:05,TOTAL EAST,23314,2957.65,6500,-9999
04/02/2016 07:05,UPNY CONED,23315,1232.86,4150,-9999
04/02/2016 07:05,WEST CENTRAL,23312,775.62,9999,-9999
04/02/2016 07:10,CENTRAL EAST - VC,23330,2164.25,2285,-9999
04/02/2016 07:10,DYSINGER EAST,23326,1149.84,3150,-9999
04/02/2016 07:10,MOSES SOUTH,23319,1228.46,2650,-1600
04/02/2016 07:10,SCH - HQ - NY,23324,839,1500,-1000
04/02/2016 07:10,SCH - HQ_CEDARS,325274,0,199,-100
04/02/2016 07:10,SCH - HQ_IMPORT_EXPORT,325376,580,1310,-9999
04/02/2016 07:10,SCH - NE - NY,23318,-798.08,1400,-1600
04/02/2016 07:10,SCH - NPX_1385,325277,0,200,-200
04/02/2016 07:10,SCH - NPX_CSC,325154,330,330,-330
04/02/2016 07:10,SCH - OH - NY,23317,667.77,1100,-1900
04/02/2016 07:10,SCH - PJ - NY,23316,-441.69,2600,-1300
04/02/2016 07:10,SCH - PJM_HTP,325905,0,0,0
04/02/2016 07:10,SCH - PJM_NEPTUNE,325305,660,660,-660
04/02/2016 07:10,SCH - PJM_VFT,325658,152,315,-315
04/02/2016 07:10,SPR/DUN-SOUTH,23320,1763.04,4600,-9999
04/02/2016 07:10,TOTAL EAST,23314,2999.54,6500,-9999
04/02/2016 07:10,UPNY CONED,23315,1345.92,4150,-9999
04/02/2016 07:10,WEST CENTRAL,23312,867.99,9999,-9999
04/02/2016 07:15,CENTRAL EAST - VC,23330,2262.15,2375,-9999
04/02/2016 07:15,DYSINGER EAST,23326,1158.24,3150,-9999
04/02/2016 07:15,MOSES SOUTH,23319,1246.42,2650,-1600
04/02/2016 07:15,SCH - HQ - NY,23324,839,1500,-1000
04/02/2016 07:15,SCH - HQ_CEDARS,325274,0,199,-100
04/02/2016 07:15,SCH - HQ_IMPORT_EXPORT,325376,580,1310,-9999
04/02/2016 07:15,SCH - NE - NY,23318,-774.98,1400,-1600
04/02/2016 07:15,SCH - NPX_1385,325277,0,200,-200
04/02/2016 07:15,SCH - NPX_CSC,325154,330,330,-330
04/02/2016 07:15,SCH - OH - NY,23317,667.77,1100,-1900
04/02/2016 07:15,SCH - PJ - NY,23316,-381.77,2600,-1300
04/02/2016 07:15,SCH - PJM_HTP,325905,0,0,0
04/02/2016 07:15,SCH - PJM_NEPTUNE,325305,660,660,-660
04/02/2016 07:15,SCH - PJM_VFT,325658,152,315,-315
04/02/2016 07:15,SPR/DUN-SOUTH,23320,1943.3,4600,-9999
04/02/2016 07:15,TOTAL EAST,23314,3020.03,6500,-9999
04/02/2016 07:15,UPNY CONED,23315,1537.89,4150,-9999
04/02/2016 07:15,WEST CENTRAL,23312,878.16,9999,-9999
04/02/2016 07:20,CENTRAL EAST - VC,23330,2248.21,2375,-9999
04/02/2016 07:20,DYSINGER EAST,23326,1039.24,3150,-9999
04/02/2016 07:20,MOSES SOUTH,23319,1294.88,2650,-1600
04/02/2016 07:20,SCH - HQ - NY,23324,839,1500,-1000
04/02/2016 07:20,SCH - HQ_CEDARS,325274,0,199,-100
04/02/2016 07:20,SCH - HQ_IMPORT_EXPORT,325376,580,1310,-9999
04/02/2016 07:20,SCH - NE - NY,23318,-753.12,1400,-1600
04/02/2016 07:20,SCH - NPX_1385,325277,0,200,-200
04/02/2016 07:20,SCH - NPX_CSC,325154,330,330,-330
04/02/2016 07:20,SCH - OH - NY,23317,666.9,1100,-1900
04/02/2016 07:20,SCH - PJ - NY,23316,-322.58,2600,-1300
04/02/2016 07:20,SCH - PJM_HTP,325905,0,0,0
04/02/2016 07:20,SCH - PJM_NEPTUNE,325305,660,660,-660
04/02/2016 07:20,SCH - PJM_VFT,325658,152,315,-315
04/02/2016 07:20,SPR/DUN-SOUTH,23320,1975.21,4600,-9999
04/02/2016 07:20,TOTAL EAST,23314,3090.79,6500,-9999
04/02/2016 07:20,UPNY CONED,23315,1557.23,4150,-9999
04/02/2016 07:20,WEST CENTRAL,23312,758.04,9999,-9999
04/02/2016 07:25,CENTRAL EAST - VC,23330,2275.69,2375,-9999
04/02/2016 07:25,DYSINGER EAST,23326,1198.34,3150,-9999
04/02/2016 07:25,MOSES SOUTH,23319,1241.75,2650,-1600
04/02/2016 07:25,SCH - HQ - NY,23324,839,1500,-1000
04/02/2016 07:25,SCH - HQ_CEDARS,325274,0,199,-100
04/02/2016 07:25,SCH - HQ_IMPORT_EXPORT,325376,580,1310,-9999
04/02/2016 07:25,SCH - NE - NY,23318,-753.33,1400,-1600
04/02/2016 07:25,SCH - NPX_1385,325277,0,200,-200
04/02/2016 07:25,SCH - NPX_CSC,325154,330,330,-330
04/02/2016 07:25,SCH - OH - NY,23317,667.76,1100,-1900
04/02/2016 07:25,SCH - PJ - NY,23316,-323.77,2600,-1300
04/02/2016 07:25,SCH - PJM_HTP,325905,0,0,0
04/02/2016 07:25,SCH - PJM_NEPTUNE,325305,660,660,-660
04/02/2016 07:25,SCH - PJM_VFT,325658,152,315,-315
04/02/2016 07:25,SPR/DUN-SOUTH,23320,1976.91,4600,-9999
04/02/2016 07:25,TOTAL EAST,23314,3106.63,6500,-9999
04/02/2016 07:25,UPNY CONED,23315,1558.39,4150,-9999
04/02/2016 07:25,WEST CENTRAL,23312,908.12,9999,-9999
04/02/2016 07:30,CENTRAL EAST - VC,23330,2226.09,2375,-9999
04/02/2016 07:30,DYSINGER EAST,23326,1216.01,3150,-9999
04/02/2016 07:30,MOSES SOUTH,23319,1190.75,2650,-1600
04/02/2016 07:30,SCH - HQ - NY,23324,839,1500,-1000
04/02/2016 07:30,SCH - HQ_CEDARS,325274,0,199,-100
04/02/2016 07:30,SCH - HQ_IMPORT_EXPORT,325376,580,1310,-9999
04/02/2016 07:30,SCH - NE - NY,23318,-709.47,1400,-1600
04/02/2016 07:30,SCH - NPX_1385,325277,0,200,-200
04/02/2016 07:30,SCH - NPX_CSC,325154,330,330,-330
04/02/2016 07:30,SCH - OH - NY,23317,667.9,1100,-1900
04/02/2016 07:30,SCH - PJ - NY,23316,-254.25,2600,-1300
04/02/2016 07:30,SCH - PJM_HTP,325905,0,0,0
04/02/2016 07:30,SCH - PJM_NEPTUNE,325305,660,660,-660
04/02/2016 07:30,SCH - PJM_VFT,325658,152,315,-315
04/02/2016 07:30,SPR/DUN-SOUTH,23320,1994.13,4600,-9999
04/02/2016 07:30,TOTAL EAST,23314,3119.54,6500,-9999
04/02/2016 07:30,UPNY CONED,23315,1587.53,4150,-9999
04/02/2016 07:30,WEST CENTRAL,23312,918.99,9999,-9999
04/02/2016 07:35,CENTRAL EAST - VC,23330,2196.05,2375,-9999
04/02/2016 07:35,DYSINGER EAST,23326,1211.88,3150,-9999
04/02/2016 07:35,MOSES SOUTH,23319,1208.5,2650,-1600
04/02/2016 07:35,SCH - HQ - NY,23324,839,1500,-1000
04/02/2016 07:35,SCH - HQ_CEDARS,325274,0,199,-100
04/02/2016 07:35,SCH - HQ_IMPORT_EXPORT,325376,580,1310,-9999
04/02/2016 07:35,SCH - NE - NY,23318,-665.99,1400,-1600
04/02/2016 07:35,SCH - NPX_1385,325277,0,200,-200
04/02/2016 07:35,SCH - NPX_CSC,325154,330,330,-330
04/02/2016 07:35,SCH - OH - NY,23317,668.01,1100,-1900
04/02/2016 07:35,SCH - PJ - NY,23316,-183.35,2600,-1300
04/02/2016 07:35,SCH - PJM_HTP,325905,0,0,0
04/02/2016 07:35,SCH - PJM_NEPTUNE,325305,660,660,-660
04/02/2016 07:35,SCH - PJM_VFT,325658,152,315,-315
04/02/2016 07:35,SPR/DUN-SOUTH,23320,1973.73,4600,-9999
04/02/2016 07:35,TOTAL EAST,23314,3118.44,6500,-9999
04/02/2016 07:35,UPNY CONED,23315,1588.99,4150,-9999
04/02/2016 07:35,WEST CENTRAL,23312,909.24,9999,-9999
04/02/2016 07:40,CENTRAL EAST - VC,23330,2263.77,2375,-9999
04/02/2016 07:40,DYSINGER EAST,23326,1285.72,3150,-9999
04/02/2016 07:40,MOSES SOUTH,23319,1197.78,2650,-1600
04/02/2016 07:40,SCH - HQ - NY,23324,839,1500,-1000
04/02/2016 07:40,SCH - HQ_CEDARS,325274,0,199,-100
04/02/2016 07:40,SCH - HQ_IMPORT_EXPORT,325376,580,1310,-9999
04/02/2016 07:40,SCH - NE - NY,23318,-665.52,1400,-1600
04/02/2016 07:40,SCH - NPX_1385,325277,0,200,-200
04/02/2016 07:40,SCH - NPX_CSC,325154,330,330,-330
04/02/2016 07:40,SCH - OH - NY,23317,668.12,1100,-1900
04/02/2016 07:40,SCH - PJ - NY,23316,-180.92,2600,-1300
04/02/2016 07:40,SCH - PJM_HTP,325905,0,0,0
04/02/2016 07:40,SCH - PJM_NEPTUNE,325305,660,660,-660
04/02/2016 07:40,SCH - PJM_VFT,325658,152,315,-315
04/02/2016 07:40,SPR/DUN-SOUTH,23320,2026.56,4600,-9999
04/02/2016 07:40,TOTAL EAST,23314,3143.45,6500,-9999
04/02/2016 07:40,UPNY CONED,23315,1636.26,4150,-9999
04/02/2016 07:40,WEST CENTRAL,23312,978.95,9999,-9999
04/02/2016 07:45,CENTRAL EAST - VC,23330,2226.96,2375,-9999
04/02/2016 07:45,DYSINGER EAST,23326,1291.24,3150,-9999
04/02/2016 07:45,MOSES SOUTH,23319,1193.65,2650,-1600
04/02/2016 07:45,SCH - HQ - NY,23324,839,1500,-1000
04/02/2016 07:45,SCH - HQ_CEDARS,325274,0,199,-100
04/02/2016 07:45,SCH - HQ_IMPORT_EXPORT,325376,580,1310,-9999
04/02/2016 07:45,SCH - NE - NY,23318,-614.85,1400,-1600
04/02/2016 07:45,SCH - NPX_1385,325277,0,200,-200
04/02/2016 07:45,SCH - NPX_CSC,325154,330,330,-330
04/02/2016 07:45,SCH - OH - NY,23317,668.18,1100,-1900
04/02/2016 07:45,SCH - PJ - NY,23316,-176.25,2600,-1300
04/02/2016 07:45,SCH - PJM_HTP,325905,0,0,0
04/02/2016 07:45,SCH - PJM_NEPTUNE,325305,660,660,-660
04/02/2016 07:45,SCH - PJM_VFT,325658,152,315,-315
04/02/2016 07:45,SPR/DUN-SOUTH,23320,2022.5,4600,-9999
04/02/2016 07:45,TOTAL EAST,23314,3145.27,6500,-9999
04/02/2016 07:45,UPNY CONED,23315,1632.97,4150,-9999
04/02/2016 07:45,WEST CENTRAL,23312,980.63,9999,-9999
04/02/2016 07:50,CENTRAL EAST - VC,23330,2226.17,2375,-9999
04/02/2016 07:50,DYSINGER EAST,23326,1286.4,3150,-9999
04/02/2016 07:50,MOSES SOUTH,23319,1195.53,2650,-1600
04/02/2016 07:50,SCH - HQ - NY,23324,839,1500,-1000
04/02/2016 07:50,SCH - HQ_CEDARS,325274,0,199,-100
04/02/2016 07:50,SCH - HQ_IMPORT_EXPORT,325376,580,1310,-9999
04/02/2016 07:50,SCH - NE - NY,23318,-563.83,1400,-1600
04/02/2016 07:50,SCH - NPX_1385,325277,0,200,-200
04/02/2016 07:50,SCH - NPX_CSC,325154,330,330,-330
04/02/2016 07:50,SCH - OH - NY,23317,667.9,1100,-1900
04/02/2016 07:50,SCH - PJ - NY,23316,-168.71,2600,-1300
04/02/2016 07:50,SCH - PJM_HTP,325905,0,0,0
04/02/2016 07:50,SCH - PJM_NEPTUNE,325305,660,660,-660
04/02/2016 07:50,SCH - PJM_VFT,325658,152,315,-315
04/02/2016 07:50,SPR/DUN-SOUTH,23320,2033.43,4600,-9999
04/02/2016 07:50,TOTAL EAST,23314,3143.47,6500,-9999
04/02/2016 07:50,UPNY CONED,23315,1668.48,4150,-9999
04/02/2016 07:50,WEST CENTRAL,23312,971.05,9999,-9999
04/02/2016 07:55,CENTRAL EAST - VC,23330,2179.18,2375,-9999
04/02/2016 07:55,DYSINGER EAST,23326,1254.64,3150,-9999
04/02/2016 07:55,MOSES SOUTH,23319,1183.62,2650,-1600
04/02/2016 07:55,SCH - HQ - NY,23324,839,1500,-1000
04/02/2016 07:55,SCH - HQ_CEDARS,325274,0,199,-100
04/02/2016 07:55,SCH - HQ_IMPORT_EXPORT,325376,580,1310,-9999
04/02/2016 07:55,SCH - NE - NY,23318,-564.03,1400,-1600
04/02/2016 07:55,SCH - NPX_1385,325277,0,200,-200
04/02/2016 07:55,SCH - NPX_CSC,325154,330,330,-330
04/02/2016 07:55,SCH - OH - NY,23317,667.74,1100,-1900
04/02/2016 07:55,SCH - PJ - NY,23316,-166.96,2600,-1300
04/02/2016 07:55,SCH - PJM_HTP,325905,0,0,0
04/02/2016 07:55,SCH - PJM_NEPTUNE,325305,660,660,-660
04/02/2016 07:55,SCH - PJM_VFT,325658,152,315,-315
04/02/2016 07:55,SPR/DUN-SOUTH,23320,1990.56,4600,-9999
04/02/2016 07:55,TOTAL EAST,23314,3129.18,6500,-9999
04/02/2016 07:55,UPNY CONED,23315,1643.23,4150,-9999
04/02/2016 07:55,WEST CENTRAL,23312,934.18,9999,-9999
04/02/2016 08:00,CENTRAL EAST - VC,23330,2220.65,2375,-9999
04/02/2016 08:00,DYSINGER EAST,23326,1319.23,3150,-9999
04/02/2016 08:00,MOSES SOUTH,23319,1279.51,2650,-1600
04/02/2016 08:00,SCH - HQ - NY,23324,862,1500,-1000
04/02/2016 08:00,SCH - HQ_CEDARS,325274,0,199,-100
04/02/2016 08:00,SCH - HQ_IMPORT_EXPORT,325376,603,1310,-9999
04/02/2016 08:00,SCH - NE - NY,23318,-485.41,1400,-1600
04/02/2016 08:00,SCH - NPX_1385,325277,4,200,-200
04/02/2016 08:00,SCH - NPX_CSC,325154,330,330,-330
04/02/2016 08:00,SCH - OH - NY,23317,665.22,1100,-1900
04/02/2016 08:00,SCH - PJ - NY,23316,-214.8,2600,-1300
04/02/2016 08:00,SCH - PJM_HTP,325905,0,0,0
04/02/2016 08:00,SCH - PJM_NEPTUNE,325305,660,660,-660
04/02/2016 08:00,SCH - PJM_VFT,325658,152,315,-315
04/02/2016 08:00,SPR/DUN-SOUTH,23320,2025.68,4600,-9999
04/02/2016 08:00,TOTAL EAST,23314,3194.59,6500,-9999
04/02/2016 08:00,UPNY CONED,23315,1672.53,4150,-9999
04/02/2016 08:00,WEST CENTRAL,23312,989.82,9999,-9999
04/02/2016 08:05,CENTRAL EAST - VC,23330,2276.88,2375,-9999
04/02/2016 08:05,DYSINGER EAST,23326,1394.7,3150,-9999
04/02/2016 08:05,MOSES SOUTH,23319,1265.24,2650,-1600
04/02/2016 08:05,SCH - HQ - NY,23324,886,1500,-1000
04/02/2016 08:05,SCH - HQ_CEDARS,325274,0,199,-100
04/02/2016 08:05,SCH - HQ_IMPORT_EXPORT,325376,627,1310,-9999
04/02/2016 08:05,SCH - NE - NY,23318,-407.56,1400,-1600
04/02/2016 08:05,SCH - NPX_1385,325277,9,200,-200
04/02/2016 08:05,SCH - NPX_CSC,325154,330,330,-330
04/02/2016 08:05,SCH - OH - NY,23317,663.29,1100,-1900
04/02/2016 08:05,SCH - PJ - NY,23316,-258.49,2600,-1300
04/02/2016 08:05,SCH - PJM_HTP,325905,0,0,0
04/02/2016 08:05,SCH - PJM_NEPTUNE,325305,660,660,-660
04/02/2016 08:05,SCH - PJM_VFT,325658,152,315,-315
04/02/2016 08:05,SPR/DUN-SOUTH,23320,2123.13,4600,-9999
04/02/2016 08:05,TOTAL EAST,23314,3194.03,6500,-9999
04/02/2016 08:05,UPNY CONED,23315,1798.67,4150,-9999
04/02/2016 08:05,WEST CENTRAL,23312,1053.81,9999,-9999
04/02/2016 08:10,CENTRAL EAST - VC,23330,2274.97,2375,-9999
04/02/2016 08:10,DYSINGER EAST,23326,1352.05,3150,-9999
04/02/2016 08:10,MOSES SOUTH,23319,1262.81,2650,-1600
04/02/2016 08:10,SCH - HQ - NY,23324,886.01,1500,-1000
04/02/2016 08:10,SCH - HQ_CEDARS,325274,0,199,-100
04/02/2016 08:10,SCH - HQ_IMPORT_EXPORT,325376,627,1310,-9999
04/02/2016 08:10,SCH - NE - NY,23318,-407.58,1400,-1600
04/02/2016 08:10,SCH - NPX_1385,325277,9,200,-200
04/02/2016 08:10,SCH - NPX_CSC,325154,330,330,-330
04/02/2016 08:10,SCH - OH - NY,23317,661,1100,-1900
04/02/2016 08:10,SCH - PJ - NY,23316,-258.25,2600,-1300
04/02/2016 08:10,SCH - PJM_HTP,325905,0,0,0
04/02/2016 08:10,SCH - PJM_NEPTUNE,325305,660,660,-660
04/02/2016 08:10,SCH - PJM_VFT,325658,151.99,315,-315
04/02/2016 08:10,SPR/DUN-SOUTH,23320,2124.49,4600,-9999
04/02/2016 08:10,TOTAL EAST,23314,3214,6500,-9999
04/02/2016 08:10,UPNY CONED,23315,1829.45,4150,-9999
04/02/2016 08:10,WEST CENTRAL,23312,1005.91,9999,-9999
04/02/2016 08:15,CENTRAL EAST - VC,23330,2273.89,2375,-9999
04/02/2016 08:15,DYSINGER EAST,23326,1246.35,3150,-9999
04/02/2016 08:15,MOSES SOUTH,23319,1457.25,2650,-1600
04/02/2016 08:15,SCH - HQ - NY,23324,886.02,1500,-1000
04/02/2016 08:15,SCH - HQ_CEDARS,325274,0,199,-100
04/02/2016 08:15,SCH - HQ_IMPORT_EXPORT,325376,627,1310,-9999
04/02/2016 08:15,SCH - NE - NY,23318,-507.41,1400,-1600
04/02/2016 08:15,SCH - NPX_1385,325277,9,200,-200
04/02/2016 08:15,SCH - NPX_CSC,325154,330,330,-330
04/02/2016 08:15,SCH - OH - NY,23317,661.04,1100,-1900
04/02/2016 08:15,SCH - PJ - NY,23316,-179.36,2600,-1300
04/02/2016 08:15,SCH - PJM_HTP,325905,0,0,0
04/02/2016 08:15,SCH - PJM_NEPTUNE,325305,660,660,-660
04/02/2016 08:15,SCH - PJM_VFT,325658,151.98,315,-315
04/02/2016 08:15,SPR/DUN-SOUTH,23320,2089.8,4600,-9999
04/02/2016 08:15,TOTAL EAST,23314,3266.74,6500,-9999
04/02/2016 08:15,UPNY CONED,23315,1809.31,4150,-9999
04/02/2016 08:15,WEST CENTRAL,23312,901.04,9999,-9999
04/02/2016 08:20,CENTRAL EAST - VC,23330,2274.75,2375,-9999
04/02/2016 08:20,DYSINGER EAST,23326,1292.4,3150,-9999
04/02/2016 08:20,MOSES SOUTH,23319,1342.48,2650,-1600
04/02/2016 08:20,SCH - HQ - NY,23324,886,1500,-1000
04/02/2016 08:20,SCH - HQ_CEDARS,325274,0,199,-100
04/02/2016 08:20,SCH - HQ_IMPORT_EXPORT,325376,627,1310,-9999
04/02/2016 08:20,SCH - NE - NY,23318,-606.87,1400,-1600
04/02/2016 08:20,SCH - NPX_1385,325277,9,200,-200
04/02/2016 08:20,SCH - NPX_CSC,325154,330,330,-330
04/02/2016 08:20,SCH - OH - NY,23317,662.78,1100,-1900
04/02/2016 08:20,SCH - PJ - NY,23316,-109.41,2600,-1300
04/02/2016 08:20,SCH - PJM_HTP,325905,0,0,0
04/02/2016 08:20,SCH - PJM_NEPTUNE,325305,660,660,-660
04/02/2016 08:20,SCH - PJM_VFT,325658,152,315,-315
04/02/2016 08:20,SPR/DUN-SOUTH,23320,2076.13,4600,-9999
04/02/2016 08:20,TOTAL EAST,23314,3326.92,6500,-9999
04/02/2016 08:20,UPNY CONED,23315,1780.61,4150,-9999
04/02/2016 08:20,WEST CENTRAL,23312,943.85,9999,-9999
04/02/2016 08:25,CENTRAL EAST - VC,23330,2306.25,2405,-9999
04/02/2016 08:25,DYSINGER EAST,23326,1326.68,3150,-9999
04/02/2016 08:25,MOSES SOUTH,23319,1337.48,2650,-1600
04/02/2016 08:25,SCH - HQ - NY,23324,886.02,1500,-1000
04/02/2016 08:25,SCH - HQ_CEDARS,325274,0,199,-100
04/02/2016 08:25,SCH - HQ_IMPORT_EXPORT,325376,627,1310,-9999
04/02/2016 08:25,SCH - NE - NY,23318,-606.71,1400,-1600
04/02/2016 08:25,SCH - NPX_1385,325277,9,200,-200
04/02/2016 08:25,SCH - NPX_CSC,325154,330,330,-330
04/02/2016 08:25,SCH - OH - NY,23317,660.97,1100,-1900
04/02/2016 08:25,SCH - PJ - NY,23316,-97.47,2600,-1300
04/02/2016 08:25,SCH - PJM_HTP,325905,0,0,0
04/02/2016 08:25,SCH - PJM_NEPTUNE,325305,660,660,-660
04/02/2016 08:25,SCH - PJM_VFT,325658,151.99,315,-315
04/02/2016 08:25,SPR/DUN-SOUTH,23320,2058.44,4600,-9999
04/02/2016 08:25,TOTAL EAST,23314,3334.53,6500,-9999
04/02/2016 08:25,UPNY CONED,23315,1784.47,4150,-9999
04/02/2016 08:25,WEST CENTRAL,23312,967.67,9999,-9999
04/02/2016 08:30,CENTRAL EAST - VC,23330,2302.25,2405,-9999
04/02/2016 08:30,DYSINGER EAST,23326,1350.13,3150,-9999
04/02/2016 08:30,MOSES SOUTH,23319,1351.05,2650,-1600
04/02/2016 08:30,SCH - HQ - NY,23324,886.02,1500,-1000
04/02/2016 08:30,SCH - HQ_CEDARS,325274,0,199,-100
04/02/2016 08:30,SCH - HQ_IMPORT_EXPORT,325376,627,1310,-9999
04/02/2016 08:30,SCH - NE - NY,23318,-583.75,1400,-1600
04/02/2016 08:30,SCH - NPX_1385,325277,9,200,-200
04/02/2016 08:30,SCH - NPX_CSC,325154,330.01,330,-330
04/02/2016 08:30,SCH - OH - NY,23317,660.9,1100,-1900
04/02/2016 08:30,SCH - PJ - NY,23316,-96.41,2600,-1300
04/02/2016 08:30,SCH - PJM_HTP,325905,0,0,0
04/02/2016 08:30,SCH - PJM_NEPTUNE,325305,659.99,660,-660
04/02/2016 08:30,SCH - PJM_VFT,325658,151.96,315,-315
04/02/2016 08:30,SPR/DUN-SOUTH,23320,2044,4600,-9999
04/02/2016 08:30,TOTAL EAST,23314,3384.38,6500,-9999
04/02/2016 08:30,UPNY CONED,23315,1802.62,4150,-9999
04/02/2016 08:30,WEST CENTRAL,23312,983.2,9999,-9999
04/02/2016 08:35,CENTRAL EAST - VC,23330,2303.98,2405,-9999
04/02/2016 08:35,DYSINGER EAST,23326,1359.71,3150,-9999
04/02/2016 08:35,MOSES SOUTH,23319,1312.87,2650,-1600
04/02/2016 08:35,SCH - HQ - NY,23324,886.01,1500,-1000
04/02/2016 08:35,SCH - HQ_CEDARS,325274,0,199,-100
04/02/2016 08:35,SCH - HQ_IMPORT_EXPORT,325376,627,1310,-9999
04/02/2016 08:35,SCH - NE - NY,23318,-562.03,1400,-1600
04/02/2016 08:35,SCH - NPX_1385,325277,9,200,-200
04/02/2016 08:35,SCH - NPX_CSC,325154,330,330,-330
04/02/2016 08:35,SCH - OH - NY,23317,660.87,1100,-1900
04/02/2016 08:35,SCH - PJ - NY,23316,-96.53,2600,-1300
04/02/2016 08:35,SCH - PJM_HTP,325905,0,0,0
04/02/2016 08:35,SCH - PJM_NEPTUNE,325305,660,660,-660
04/02/2016 08:35,SCH - PJM_VFT,325658,151.99,315,-315
04/02/2016 08:35,SPR/DUN-SOUTH,23320,2067.12,4600,-9999
04/02/2016 08:35,TOTAL EAST,23314,3418.35,6500,-9999
04/02/2016 08:35,UPNY CONED,23315,1831.62,4150,-9999
04/02/2016 08:35,WEST CENTRAL,23312,988.83,9999,-9999
04/02/2016 08:40,CENTRAL EAST - VC,23330,2300.01,2405,-9999
04/02/2016 08:40,DYSINGER EAST,23326,1273.83,3150,-9999
04/02/2016 08:40,MOSES SOUTH,23319,1334.4,2650,-1600
04/02/2016 08:40,SCH - HQ - NY,23324,886.04,1500,-1000
04/02/2016 08:40,SCH - HQ_CEDARS,325274,0,199,-100
04/02/2016 08:40,SCH - HQ_IMPORT_EXPORT,325376,627,1310,-9999
04/02/2016 08:40,SCH - NE - NY,23318,-562.14,1400,-1600
04/02/2016 08:40,SCH - NPX_1385,325277,9,200,-200
04/02/2016 08:40,SCH - NPX_CSC,325154,330,330,-330
04/02/2016 08:40,SCH - OH - NY,23317,660.96,1100,-1900
04/02/2016 08:40,SCH - PJ - NY,23316,-98.33,2600,-1300
04/02/2016 08:40,SCH - PJM_HTP,325905,0,0,0
04/02/2016 08:40,SCH - PJM_NEPTUNE,325305,660,660,-660
04/02/2016 08:40,SCH - PJM_VFT,325658,151.98,315,-315
04/02/2016 08:40,SPR/DUN-SOUTH,23320,2043.69,4600,-9999
04/02/2016 08:40,TOTAL EAST,23314,3358.87,6500,-9999
04/02/2016 08:40,UPNY CONED,23315,1801.71,4150,-9999
04/02/2016 08:40,WEST CENTRAL,23312,905.33,9999,-9999
04/02/2016 08:45,CENTRAL EAST - VC,23330,2300.12,2405,-9999
04/02/2016 08:45,DYSINGER EAST,23326,1306.44,3150,-9999
04/02/2016 08:45,MOSES SOUTH,23319,1343.38,2650,-1600
04/02/2016 08:45,SCH - HQ - NY,23324,886.02,1500,-1000
04/02/2016 08:45,SCH - HQ_CEDARS,325274,0,199,-100
04/02/2016 08:45,SCH - HQ_IMPORT_EXPORT,325376,627,1310,-9999
04/02/2016 08:45,SCH - NE - NY,23318,-572.83,1400,-1600
04/02/2016 08:45,SCH - NPX_1385,325277,9,200,-200
04/02/2016 08:45,SCH - NPX_CSC,325154,330,330,-330
04/02/2016 08:45,SCH - OH - NY,23317,660.99,1100,-1900
04/02/2016 08:45,SCH - PJ - NY,23316,-96.92,2600,-1300
04/02/2016 08:45,SCH - PJM_HTP,325905,0,0,0
04/02/2016 08:45,SCH - PJM_NEPTUNE,325305,660,660,-660
04/02/2016 08:45,SCH - PJM_VFT,325658,151.98,315,-315
04/02/2016 08:45,SPR/DUN-SOUTH,23320,2010.79,4600,-9999
04/02/2016 08:45,TOTAL EAST,23314,3406.02,6500,-9999
04/02/2016 08:45,UPNY CONED,23315,1778.52,4150,-9999
04/02/2016 08:45,WEST CENTRAL,23312,937.71,9999,-9999
04/02/2016 08:50,CENTRAL EAST - VC,23330,2292.65,2405,-9999
04/02/2016 08:50,DYSINGER EAST,23326,1205.03,3150,-9999
04/02/2016 08:50,MOSES SOUTH,23319,1348.81,2650,-1600
04/02/2016 08:50,SCH - HQ - NY,23324,886.01,1500,-1000
04/02/2016 08:50,SCH - HQ_CEDARS,325274,0,199,-100
04/02/2016 08:50,SCH - HQ_IMPORT_EXPORT,325376,627,1310,-9999
04/02/2016 08:50,SCH - NE - NY,23318,-583.71,1400,-1600
04/02/2016 08:50,SCH - NPX_1385,325277,9,200,-200
04/02/2016 08:50,SCH - NPX_CSC,325154,330,330,-330
04/02/2016 08:50,SCH - OH - NY,23317,660.85,1100,-1900
04/02/2016 08:50,SCH - PJ - NY,23316,-94.57,2600,-1300
04/02/2016 08:50,SCH - PJM_HTP,325905,0,0,0
04/02/2016 08:50,SCH - PJM_NEPTUNE,325305,660,660,-660
04/02/2016 08:50,SCH - PJM_VFT,325658,151.98,315,-315
04/02/2016 08:50,SPR/DUN-SOUTH,23320,2014.55,4600,-9999
04/02/2016 08:50,TOTAL EAST,23314,3342.82,6500,-9999
04/02/2016 08:50,UPNY CONED,23315,1759.99,4150,-9999
04/02/2016 08:50,WEST CENTRAL,23312,835.97,9999,-9999
04/02/2016 08:55,CENTRAL EAST - VC,23330,2303.76,2405,-9999
04/02/2016 08:55,DYSINGER EAST,23326,1280.7,3150,-9999
04/02/2016 08:55,MOSES SOUTH,23319,1352.19,2650,-1600
04/02/2016 08:55,SCH - HQ - NY,23324,886.04,1500,-1000
04/02/2016 08:55,SCH - HQ_CEDARS,325274,0,199,-100
04/02/2016 08:55,SCH - HQ_IMPORT_EXPORT,325376,627,1310,-9999
04/02/2016 08:55,SCH - NE - NY,23318,-584.08,1400,-1600
04/02/2016 08:55,SCH - NPX_1385,325277,9,200,-200
04/02/2016 08:55,SCH - NPX_CSC,325154,330,330,-330
04/02/2016 08:55,SCH - OH - NY,23317,661.08,1100,-1900
04/02/2016 08:55,SCH - PJ - NY,23316,-95.6,2600,-1300
04/02/2016 08:55,SCH - PJM_HTP,325905,0,0,0
04/02/2016 08:55,SCH - PJM_NEPTUNE,325305,660,660,-660
04/02/2016 08:55,SCH - PJM_VFT,325658,151.98,315,-315
04/02/2016 08:55,SPR/DUN-SOUTH,23320,2031.97,4600,-9999
04/02/2016 08:55,TOTAL EAST,23314,3394.61,6500,-9999
04/02/2016 08:55,UPNY CONED,23315,1779.49,4150,-9999
04/02/2016 08:55,WEST CENTRAL,23312,902.46,9999,-9999
04/02/2016 09:00,CENTRAL EAST - VC,23330,2310.44,2430,-9999
04/02/2016 09:00,DYSINGER EAST,23326,1166.14,3150,-9999
04/02/2016 09:00,MOSES SOUTH,23319,1417.02,2650,-1600
04/02/2016 09:00,SCH - HQ - NY,23324,959,1500,-1000
04/02/2016 09:00,SCH - HQ_CEDARS,325274,0,199,-100
04/02/2016 09:00,SCH - HQ_IMPORT_EXPORT,325376,700,1310,-9999
04/02/2016 09:00,SCH - NE - NY,23318,-671.54,1400,-1600
04/02/2016 09:00,SCH - NPX_1385,325277,26,200,-200
04/02/2016 09:00,SCH - NPX_CSC,325154,330,330,-330
04/02/2016 09:00,SCH - OH - NY,23317,644.86,1100,-1900
04/02/2016 09:00,SCH - PJ - NY,23316,-90.97,2600,-1300
04/02/2016 09:00,SCH - PJM_HTP,325905,0,0,0
04/02/2016 09:00,SCH - PJM_NEPTUNE,325305,660,660,-660
04/02/2016 09:00,SCH - PJM_VFT,325658,152,315,-315
04/02/2016 09:00,SPR/DUN-SOUTH,23320,2025.96,4600,-9999
04/02/2016 09:00,TOTAL EAST,23314,3342.19,6500,-9999
04/02/2016 09:00,UPNY CONED,23315,1672.26,4150,-9999
04/02/2016 09:00,WEST CENTRAL,23312,786.5,9999,-9999
04/02/2016 09:05,CENTRAL EAST - VC,23330,2325.53,2430,-9999
04/02/2016 09:05,DYSINGER EAST,23326,1198.67,3150,-9999
04/02/2016 09:05,MOSES SOUTH,23319,1469.76,2650,-1600
04/02/2016 09:05,SCH - HQ - NY,23324,1032.02,1500,-1000
04/02/2016 09:05,SCH - HQ_CEDARS,325274,0,199,-100
04/02/2016 09:05,SCH - HQ_IMPORT_EXPORT,325376,773,1310,-9999
04/02/2016 09:05,SCH - NE - NY,23318,-760.28,1400,-1600
04/02/2016 09:05,SCH - NPX_1385,325277,44,200,-200
04/02/2016 09:05,SCH - NPX_CSC,325154,330,330,-330
04/02/2016 09:05,SCH - OH - NY,23317,626.36,1100,-1900
04/02/2016 09:05,SCH - PJ - NY,23316,-73.75,2600,-1300
04/02/2016 09:05,SCH - PJM_HTP,325905,0,0,0
04/02/2016 09:05,SCH - PJM_NEPTUNE,325305,660,660,-660
04/02/2016 09:05,SCH - PJM_VFT,325658,151.99,315,-315
04/02/2016 09:05,SPR/DUN-SOUTH,23320,2002.55,4600,-9999
04/02/2016 09:05,TOTAL EAST,23314,3362.75,6500,-9999
04/02/2016 09:05,UPNY CONED,23315,1628.55,4150,-9999
04/02/2016 09:05,WEST CENTRAL,23312,814.4,9999,-9999
04/02/2016 09:10,CENTRAL EAST - VC,23330,2328.43,2430,-9999
04/02/2016 09:10,DYSINGER EAST,23326,1310.78,3150,-9999
04/02/2016 09:10,MOSES SOUTH,23319,1397.41,2650,-1600
04/02/2016 09:10,SCH - HQ - NY,23324,1032,1500,-1000
04/02/2016 09:10,SCH - HQ_CEDARS,325274,0,199,-100
04/02/2016 09:10,SCH - HQ_IMPORT_EXPORT,325376,773,1310,-9999
04/02/2016 09:10,SCH - NE - NY,23318,-760.27,1400,-1600
04/02/2016 09:10,SCH - NPX_1385,325277,44,200,-200
04/02/2016 09:10,SCH - NPX_CSC,325154,330,330,-330
04/02/2016 09:10,SCH - OH - NY,23317,628.15,1100,-1900
04/02/2016 09:10,SCH - PJ - NY,23316,-76.16,2600,-1300
04/02/2016 09:10,SCH - PJM_HTP,325905,0,0,0
04/02/2016 09:10,SCH - PJM_NEPTUNE,325305,660,660,-660
04/02/2016 09:10,SCH - PJM_VFT,325658,152,315,-315
04/02/2016 09:10,SPR/DUN-SOUTH,23320,2038.11,4600,-9999
04/02/2016 09:10,TOTAL EAST,23314,3406.37,6500,-9999
04/02/2016 09:10,UPNY CONED,23315,1702.74,4150,-9999
04/02/2016 09:10,WEST CENTRAL,23312,915.4,9999,-9999
04/02/2016 09:15,CENTRAL EAST - VC,23330,2328.46,2430,-9999
04/02/2016 09:15,DYSINGER EAST,23326,1343.38,3150,-9999
04/02/2016 09:15,MOSES SOUTH,23319,1398.04,2650,-1600
04/02/2016 09:15,SCH - HQ - NY,23324,1032,1500,-1000
04/02/2016 09:15,SCH - HQ_CEDARS,325274,0,199,-100
04/02/2016 09:15,SCH - HQ_IMPORT_EXPORT,325376,773,1310,-9999
04/02/2016 09:15,SCH - NE - NY,23318,-754.5,1400,-1600
04/02/2016 09:15,SCH - NPX_1385,325277,44,200,-200
04/02/2016 09:15,SCH - NPX_CSC,325154,330,330,-330
04/02/2016 09:15,SCH - OH - NY,23317,628.13,1100,-1900
04/02/2016 09:15,SCH - PJ - NY,23316,-92.31,2600,-1300
04/02/2016 09:15,SCH - PJM_HTP,325905,0,0,0
04/02/2016 09:15,SCH - PJM_NEPTUNE,325305,660,660,-660
04/02/2016 09:15,SCH - PJM_VFT,325658,152,315,-315
04/02/2016 09:15,SPR/DUN-SOUTH,23320,2019.18,4600,-9999
04/02/2016 09:15,TOTAL EAST,23314,3390.31,6500,-9999
04/02/2016 09:15,UPNY CONED,23315,1701.05,4150,-9999
04/02/2016 09:15,WEST CENTRAL,23312,936.84,9999,-9999
04/02/2016 09:20,CENTRAL EAST - VC,23330,2329.91,2430,-9999
04/02/2016 09:20,DYSINGER EAST,23326,1399.66,3150,-9999
04/02/2016 09:20,MOSES SOUTH,23319,1403.36,2650,-1600
04/02/2016 09:20,SCH - HQ - NY,23324,1032,1500,-1000
04/02/2016 09:20,SCH - HQ_CEDARS,325274,0,199,-100
04/02/2016 09:20,SCH - HQ_IMPORT_EXPORT,325376,773,1310,-9999
04/02/2016 09:20,SCH - NE - NY,23318,-748.51,1400,-1600
04/02/2016 09:20,SCH - NPX_1385,325277,44,200,-200
04/02/2016 09:20,SCH - NPX_CSC,325154,330,330,-330
04/02/2016 09:20,SCH - OH - NY,23317,628.17,1100,-1900
04/02/2016 09:20,SCH - PJ - NY,23316,-110.45,2600,-1300
04/02/2016 09:20,SCH - PJM_HTP,325905,0,0,0
04/02/2016 09:20,SCH - PJM_NEPTUNE,325305,660,660,-660
04/02/2016 09:20,SCH - PJM_VFT,325658,152,315,-315
04/02/2016 09:20,SPR/DUN-SOUTH,23320,2029.49,4600,-9999
04/02/2016 09:20,TOTAL EAST,23314,3366.79,6500,-9999
04/02/2016 09:20,UPNY CONED,23315,1698,4150,-9999
04/02/2016 09:20,WEST CENTRAL,23312,986.8,9999,-9999
04/02/2016 09:25,CENTRAL EAST - VC,23330,2329.51,2430,-9999
04/02/2016 09:25,DYSINGER EAST,23326,1409.1,3150,-9999
04/02/2016 09:25,MOSES SOUTH,23319,1432.76,2650,-1600
04/02/2016 09:25,SCH - HQ - NY,23324,1032,1500,-1000
04/02/2016 09:25,SCH - HQ_CEDARS,325274,0,199,-100
04/02/2016 09:25,SCH - HQ_IMPORT_EXPORT,325376,773,1310,-9999
04/02/2016 09:25,SCH - NE - NY,23318,-748.75,1400,-1600
04/02/2016 09:25,SCH - NPX_1385,325277,44,200,-200
04/02/2016 09:25,SCH - NPX_CSC,325154,330,330,-330
04/02/2016 09:25,SCH - OH - NY,23317,628.27,1100,-1900
04/02/2016 09:25,SCH - PJ - NY,23316,-109.65,2600,-1300
04/02/2016 09:25,SCH - PJM_HTP,325905,0,0,0
04/02/2016 09:25,SCH - PJM_NEPTUNE,325305,660,660,-660
04/02/2016 09:25,SCH - PJM_VFT,325658,152,315,-315
04/02/2016 09:25,SPR/DUN-SOUTH,23320,1994.81,4600,-9999
04/02/2016 09:25,TOTAL EAST,23314,3359.09,6500,-9999
04/02/2016 09:25,UPNY CONED,23315,1678.02,4150,-9999
04/02/2016 09:25,WEST CENTRAL,23312,994.25,9999,-9999
04/02/2016 09:30,CENTRAL EAST - VC,23330,2325.43,2430,-9999
04/02/2016 09:30,DYSINGER EAST,23326,1408.83,3150,-9999
04/02/2016 09:30,MOSES SOUTH,23319,1439.89,2650,-1600
04/02/2016 09:30,SCH - HQ - NY,23324,1032,1500,-1000
04/02/2016 09:30,SCH - HQ_CEDARS,325274,0,199,-100
04/02/2016 09:30,SCH - HQ_IMPORT_EXPORT,325376,773,1310,-9999
04/02/2016 09:30,SCH - NE - NY,23318,-750.88,1400,-1600
04/02/2016 09:30,SCH - NPX_1385,325277,44,200,-200
04/02/2016 09:30,SCH - NPX_CSC,325154,330,330,-330
04/02/2016 09:30,SCH - OH - NY,23317,628.21,1100,-1900
04/02/2016 09:30,SCH - PJ - NY,23316,-109.79,2600,-1300
04/02/2016 09:30,SCH - PJM_HTP,325905,0,0,0
04/02/2016 09:30,SCH - PJM_NEPTUNE,325305,660,660,-660
04/02/2016 09:30,SCH - PJM_VFT,325658,152,315,-315
04/02/2016 09:30,SPR/DUN-SOUTH,23320,1942.83,4600,-9999
04/02/2016 09:30,TOTAL EAST,23314,3368.97,6500,-9999
04/02/2016 09:30,UPNY CONED,23315,1647.03,4150,-9999
04/02/2016 09:30,WEST CENTRAL,23312,993.32,9999,-9999
04/02/2016 09:35,CENTRAL EAST - VC,23330,2325.46,2430,-9999
04/02/2016 09:35,DYSINGER EAST,23326,1355.45,3150,-9999
04/02/2016 09:35,MOSES SOUTH,23319,1425.75,2650,-1600
04/02/2016 09:35,SCH - HQ - NY,23324,1032,1500,-1000
04/02/2016 09:35,SCH - HQ_CEDARS,325274,0,199,-100
04/02/2016 09:35,SCH - HQ_IMPORT_EXPORT,325376,773,1310,-9999
04/02/2016 09:35,SCH - NE - NY,23318,-752.85,1400,-1600
04/02/2016 09:35,SCH - NPX_1385,325277,44,200,-200
04/02/2016 09:35,SCH - NPX_CSC,325154,330,330,-330
04/02/2016 09:35,SCH - OH - NY,23317,627.72,1100,-1900
04/02/2016 09:35,SCH - PJ - NY,23316,-107.89,2600,-1300
04/02/2016 09:35,SCH - PJM_HTP,325905,0,0,0
04/02/2016 09:35,SCH - PJM_NEPTUNE,325305,660,660,-660
04/02/2016 09:35,SCH - PJM_VFT,325658,152,315,-315
04/02/2016 09:35,SPR/DUN-SOUTH,23320,1955.46,4600,-9999
04/02/2016 09:35,TOTAL EAST,23314,3374.6,6500,-9999
04/02/2016 09:35,UPNY CONED,23315,1666.54,4150,-9999
04/02/2016 09:35,WEST CENTRAL,23312,938.76,9999,-9999
04/02/2016 09:40,CENTRAL EAST - VC,23330,2322.64,2430,-9999
04/02/2016 09:40,DYSINGER EAST,23326,1336.95,3150,-9999
04/02/2016 09:40,MOSES SOUTH,23319,1405.6,2650,-1600
04/02/2016 09:40,SCH - HQ - NY,23324,1032,1500,-1000
04/02/2016 09:40,SCH - HQ_CEDARS,325274,0,199,-100
04/02/2016 09:40,SCH - HQ_IMPORT_EXPORT,325376,773,1310,-9999
04/02/2016 09:40,SCH - NE - NY,23318,-752.88,1400,-1600
04/02/2016 09:40,SCH - NPX_1385,325277,44,200,-200
04/02/2016 09:40,SCH - NPX_CSC,325154,330,330,-330
04/02/2016 09:40,SCH - OH - NY,23317,627.31,1100,-1900
04/02/2016 09:40,SCH - PJ - NY,23316,-108.39,2600,-1300
04/02/2016 09:40,SCH - PJM_HTP,325905,0,0,0
04/02/2016 09:40,SCH - PJM_NEPTUNE,325305,660,660,-660
04/02/2016 09:40,SCH - PJM_VFT,325658,152,315,-315
04/02/2016 09:40,SPR/DUN-SOUTH,23320,1941.05,4600,-9999
04/02/2016 09:40,TOTAL EAST,23314,3390.36,6500,-9999
04/02/2016 09:40,UPNY CONED,23315,1669.15,4150,-9999
04/02/2016 09:40,WEST CENTRAL,23312,914.86,9999,-9999
04/02/2016 09:45,CENTRAL EAST - VC,23330,2315.58,2430,-9999
04/02/2016 09:45,DYSINGER EAST,23326,1376.34,3150,-9999
04/02/2016 09:45,MOSES SOUTH,23319,1417.84,2650,-1600
04/02/2016 09:45,SCH - HQ - NY,23324,1032.02,1500,-1000
04/02/2016 09:45,SCH - HQ_CEDARS,325274,0,199,-100
04/02/2016 09:45,SCH - HQ_IMPORT_EXPORT,325376,773,1310,-9999
04/02/2016 09:45,SCH - NE - NY,23318,-829.6,1400,-1600
04/02/2016 09:45,SCH - NPX_1385,325277,44,200,-200
04/02/2016 09:45,SCH - NPX_CSC,325154,330,330,-330
04/02/2016 09:45,SCH - OH - NY,23317,625.96,1100,-1900
04/02/2016 09:45,SCH - PJ - NY,23316,-69.2,2600,-1300
04/02/2016 09:45,SCH - PJM_HTP,325905,0,0,0
04/02/2016 09:45,SCH - PJM_NEPTUNE,325305,660,660,-660
04/02/2016 09:45,SCH - PJM_VFT,325658,151.99,315,-315
04/02/2016 09:45,SPR/DUN-SOUTH,23320,1843.66,4600,-9999
04/02/2016 09:45,TOTAL EAST,23314,3443.66,6500,-9999
04/02/2016 09:45,UPNY CONED,23315,1588.83,4150,-9999
04/02/2016 09:45,WEST CENTRAL,23312,951.85,9999,-9999
04/02/2016 09:50,CENTRAL EAST - VC,23330,2304.54,2430,-9999
04/02/2016 09:50,DYSINGER EAST,23326,1268.41,3150,-9999
04/02/2016 09:50,MOSES SOUTH,23319,1416.55,2650,-1600
04/02/2016 09:50,SCH - HQ - NY,23324,1032,1500,-1000
04/02/2016 09:50,SCH - HQ_CEDARS,325274,0,199,-100
04/02/2016 09:50,SCH - HQ_IMPORT_EXPORT,325376,773,1310,-9999
04/02/2016 09:50,SCH - NE - NY,23318,-907.06,1400,-1600
04/02/2016 09:50,SCH - NPX_1385,325277,44,200,-200
04/02/2016 09:50,SCH - NPX_CSC,325154,330,330,-330
04/02/2016 09:50,SCH - OH - NY,23317,627.56,1100,-1900
04/02/2016 09:50,SCH - PJ - NY,23316,-35.94,2600,-1300
04/02/2016 09:50,SCH - PJM_HTP,325905,0,0,0
04/02/2016 09:50,SCH - PJM_NEPTUNE,325305,660,660,-660
04/02/2016 09:50,SCH - PJM_VFT,325658,152,315,-315
04/02/2016 09:50,SPR/DUN-SOUTH,23320,1805.29,4600,-9999
04/02/2016 09:50,TOTAL EAST,23314,3373.6,6500,-9999
04/02/2016 09:50,UPNY CONED,23315,1508.03,4150,-9999
04/02/2016 09:50,WEST CENTRAL,23312,844.42,9999,-9999
04/02/2016 09:55,CENTRAL EAST - VC,23330,2325.41,2430,-9999
04/02/2016 09:55,DYSINGER EAST,23326,1234.87,3150,-9999
04/02/2016 09:55,MOSES SOUTH,23319,1425.64,2650,-1600
04/02/2016 09:55,SCH - HQ - NY,23324,1032,1500,-1000
04/02/2016 09:55,SCH - HQ_CEDARS,325274,0,199,-100
04/02/2016 09:55,SCH - HQ_IMPORT_EXPORT,325376,773,1310,-9999
04/02/2016 09:55,SCH - NE - NY,23318,-906.83,1400,-1600
04/02/2016 09:55,SCH - NPX_1385,325277,44,200,-200
04/02/2016 09:55,SCH - NPX_CSC,325154,330,330,-330
04/02/2016 09:55,SCH - OH - NY,23317,627.46,1100,-1900
04/02/2016 09:55,SCH - PJ - NY,23316,-35.15,2600,-1300
04/02/2016 09:55,SCH - PJM_HTP,325905,0,0,0
04/02/2016 09:55,SCH - PJM_NEPTUNE,325305,660,660,-660
04/02/2016 09:55,SCH - PJM_VFT,325658,152,315,-315
04/02/2016 09:55,SPR/DUN-SOUTH,23320,1783.92,4600,-9999
04/02/2016 09:55,TOTAL EAST,23314,3356.52,6500,-9999
04/02/2016 09:55,UPNY CONED,23315,1507.82,4150,-9999
04/02/2016 09:55,WEST CENTRAL,23312,816.86,9999,-9999
04/02/2016 10:00,CENTRAL EAST - VC,23330,2310.27,2430,-9999
04/02/2016 10:00,DYSINGER EAST,23326,1277.8,3150,-9999
04/02/2016 10:00,MOSES SOUTH,23319,1363.67,2650,-1600
04/02/2016 10:00,SCH - HQ - NY,23324,964,1500,-1000
04/02/2016 10:00,SCH - HQ_CEDARS,325274,0,199,-100
04/02/2016 10:00,SCH - HQ_IMPORT_EXPORT,325376,705,1310,-9999
04/02/2016 10:00,SCH - NE - NY,23318,-946.77,1400,-1600
04/02/2016 10:00,SCH - NPX_1385,325277,22,200,-200
04/02/2016 10:00,SCH - NPX_CSC,325154,330,330,-330
04/02/2016 10:00,SCH - OH - NY,23317,634.98,1100,-1900
04/02/2016 10:00,SCH - PJ - NY,23316,10.05,2600,-1300
04/02/2016 10:00,SCH - PJM_HTP,325905,0,0,0
04/02/2016 10:00,SCH - PJM_NEPTUNE,325305,660,660,-660
04/02/2016 10:00,SCH - PJM_VFT,325658,152,315,-315
04/02/2016 10:00,SPR/DUN-SOUTH,23320,1841.96,4600,-9999
04/02/2016 10:00,TOTAL EAST,23314,3303.44,6500,-9999
04/02/2016 10:00,UPNY CONED,23315,1620.08,4150,-9999
04/02/2016 10:00,WEST CENTRAL,23312,860.64,9999,-9999
04/02/2016 10:05,CENTRAL EAST - VC,23330,2316.39,2430,-9999
04/02/2016 10:05,DYSINGER EAST,23326,1363.08,3150,-9999
04/02/2016 10:05,MOSES SOUTH,23319,1311.25,2650,-1600
04/02/2016 10:05,SCH - HQ - NY,23324,897.02,1500,-1000
04/02/2016 10:05,SCH - HQ_CEDARS,325274,0,199,-100
04/02/2016 10:05,SCH - HQ_IMPORT_EXPORT,325376,638,1310,-9999
04/02/2016 10:05,SCH - NE - NY,23318,-988.03,1400,-1600
04/02/2016 10:05,SCH - NPX_1385,325277,0,200,-200
04/02/2016 10:05,SCH - NPX_CSC,325154,330,330,-330
04/02/2016 10:05,SCH - OH - NY,23317,640.97,1100,-1900
04/02/2016 10:05,SCH - PJ - NY,23316,62.61,2600,-1300
04/02/2016 10:05,SCH - PJM_HTP,325905,0,0,0
04/02/2016 10:05,SCH - PJM_NEPTUNE,325305,660,660,-660
04/02/2016 10:05,SCH - PJM_VFT,325658,151.98,315,-315
04/02/2016 10:05,SPR/DUN-SOUTH,23320,1839.56,4600,-9999
04/02/2016 10:05,TOTAL EAST,23314,3409.78,6500,-9999
04/02/2016 10:05,UPNY CONED,23315,1644.12,4150,-9999
04/02/2016 10:05,WEST CENTRAL,23312,940.31,9999,-9999
04/02/2016 10:10,CENTRAL EAST - VC,23330,2327.31,2430,-9999
04/02/2016 10:10,DYSINGER EAST,23326,1437.94,3150,-9999
04/02/2016 10:10,MOSES SOUTH,23319,1313.78,2650,-1600
04/02/2016 10:10,SCH - HQ - NY,23324,897.06,1500,-1000
04/02/2016 10:10,SCH - HQ_CEDARS,325274,0,199,-100
04/02/2016 10:10,SCH - HQ_IMPORT_EXPORT,325376,638.05,1310,-9999
04/02/2016 10:10,SCH - NE - NY,23318,-987.96,1400,-1600
04/02/2016 10:10,SCH - NPX_1385,325277,0,200,-200
04/02/2016 10:10,SCH - NPX_CSC,325154,330,330,-330
04/02/2016 10:10,SCH - OH - NY,23317,641.34,1100,-1900
04/02/2016 10:10,SCH - PJ - NY,23316,74.53,2600,-1300
04/02/2016 10:10,SCH - PJM_HTP,325905,0,0,0
04/02/2016 10:10,SCH - PJM_NEPTUNE,325305,660,660,-660
04/02/2016 10:10,SCH - PJM_VFT,325658,151.98,315,-315
04/02/2016 10:10,SPR/DUN-SOUTH,23320,1852.7,4600,-9999
04/02/2016 10:10,TOTAL EAST,23314,3362.82,6500,-9999
04/02/2016 10:10,UPNY CONED,23315,1631.01,4150,-9999
04/02/2016 10:10,WEST CENTRAL,23312,1012.17,9999,-9999
04/02/2016 10:15,CENTRAL EAST - VC,23330,2329.11,2430,-9999
04/02/2016 10:15,DYSINGER EAST,23326,1479.51,3150,-9999
04/02/2016 10:15,MOSES SOUTH,23319,1336.01,2650,-1600
04/02/2016 10:15,SCH - HQ - NY,23324,897.06,1500,-1000
04/02/2016 10:15,SCH - HQ_CEDARS,325274,0,199,-100
04/02/2016 10:15,SCH - HQ_IMPORT_EXPORT,325376,638.05,1310,-9999
04/02/2016 10:15,SCH - NE - NY,23318,-929.09,1400,-1600
04/02/2016 10:15,SCH - NPX_1385,325277,0,200,-200
04/02/2016 10:15,SCH - NPX_CSC,325154,330,330,-330
04/02/2016 10:15,SCH - OH - NY,23317,641.05,1100,-1900
04/02/2016 10:15,SCH - PJ - NY,23316,12.59,2600,-1300
04/02/2016 10:15,SCH - PJM_HTP,325905,0,0,0
04/02/2016 10:15,SCH - PJM_NEPTUNE,325305,660,660,-660
04/02/2016 10:15,SCH - PJM_VFT,325658,151.98,315,-315
04/02/2016 10:15,SPR/DUN-SOUTH,23320,1802.52,4600,-9999
04/02/2016 10:15,TOTAL EAST,23314,3384.68,6500,-9999
04/02/2016 10:15,UPNY CONED,23315,1637.83,4150,-9999
04/02/2016 10:15,WEST CENTRAL,23312,1048.2,9999,-9999
04/02/2016 10:20,CENTRAL EAST - VC,23330,2300.6,2430,-9999
04/02/2016 10:20,DYSINGER EAST,23326,1376.84,3150,-9999
04/02/2016 10:20,MOSES SOUTH,23319,1448.7,2650,-1600
04/02/2016 10:20,SCH - HQ - NY,23324,897.01,1500,-1000
04/02/2016 10:20,SCH - HQ_CEDARS,325274,0,199,-100
04/02/2016 10:20,SCH - HQ_IMPORT_EXPORT,325376,638,1310,-9999
04/02/2016 10:20,SCH - NE - NY,23318,-870.57,1400,-1600
04/02/2016 10:20,SCH - NPX_1385,325277,0,200,-200
04/02/2016 10:20,SCH - NPX_CSC,325154,330,330,-330
04/02/2016 10:20,SCH - OH - NY,23317,640.85,1100,-1900
04/02/2016 10:20,SCH - PJ - NY,23316,-37.54,2600,-1300
04/02/2016 10:20,SCH - PJM_HTP,325905,0,0,0
04/02/2016 10:20,SCH - PJM_NEPTUNE,325305,660,660,-660
04/02/2016 10:20,SCH - PJM_VFT,325658,151.99,315,-315
04/02/2016 10:20,SPR/DUN-SOUTH,23320,1793.97,4600,-9999
04/02/2016 10:20,TOTAL EAST,23314,3322.72,6500,-9999
04/02/2016 10:20,UPNY CONED,23315,1625.32,4150,-9999
04/02/2016 10:20,WEST CENTRAL,23312,955.37,9999,-9999
04/02/2016 10:25,CENTRAL EAST - VC,23330,2327.84,2430,-9999
04/02/2016 10:25,DYSINGER EAST,23326,1421.03,3150,-9999
04/02/2016 10:25,MOSES SOUTH,23319,1394.05,2650,-1600
04/02/2016 10:25,SCH - HQ - NY,23324,897.03,1500,-1000
04/02/2016 10:25,SCH - HQ_CEDARS,325274,0,199,-100
04/02/2016 10:25,SCH - HQ_IMPORT_EXPORT,325376,638.03,1310,-9999
04/02/2016 10:25,SCH - NE - NY,23318,-870.83,1400,-1600
04/02/2016 10:25,SCH - NPX_1385,325277,0,200,-200
04/02/2016 10:25,SCH - NPX_CSC,325154,330,330,-330
04/02/2016 10:25,SCH - OH - NY,23317,640.56,1100,-1900
04/02/2016 10:25,SCH - PJ - NY,23316,-36.07,2600,-1300
04/02/2016 10:25,SCH - PJM_HTP,325905,0,0,0
04/02/2016 10:25,SCH - PJM_NEPTUNE,325305,660,660,-660
04/02/2016 10:25,SCH - PJM_VFT,325658,151.99,315,-315
04/02/2016 10:25,SPR/DUN-SOUTH,23320,1835.42,4600,-9999
04/02/2016 10:25,TOTAL EAST,23314,3421.69,6500,-9999
04/02/2016 10:25,UPNY CONED,23315,1664.06,4150,-9999
04/02/2016 10:25,WEST CENTRAL,23312,1002,9999,-9999
04/02/2016 10:30,CENTRAL EAST - VC,23330,2320.54,2430,-9999
04/02/2016 10:30,DYSINGER EAST,23326,1450.6,3150,-9999
04/02/2016 10:30,MOSES SOUTH,23319,1353.07,2650,-1600
04/02/2016 10:30,SCH - HQ - NY,23324,897.04,1500,-1000
04/02/2016 10:30,SCH - HQ_CEDARS,325274,0,199,-100
04/02/2016 10:30,SCH - HQ_IMPORT_EXPORT,325376,638.03,1310,-9999
04/02/2016 10:30,SCH - NE - NY,23318,-847.73,1400,-1600
04/02/2016 10:30,SCH - NPX_1385,325277,0,200,-200
04/02/2016 10:30,SCH - NPX_CSC,325154,330,330,-330
04/02/2016 10:30,SCH - OH - NY,23317,640.8,1100,-1900
04/02/2016 10:30,SCH - PJ - NY,23316,-10.42,2600,-1300
04/02/2016 10:30,SCH - PJM_HTP,325905,0,0,0
04/02/2016 10:30,SCH - PJM_NEPTUNE,325305,660,660,-660
04/02/2016 10:30,SCH - PJM_VFT,325658,151.99,315,-315
04/02/2016 10:30,SPR/DUN-SOUTH,23320,1905.44,4600,-9999
04/02/2016 10:30,TOTAL EAST,23314,3396.81,6500,-9999
04/02/2016 10:30,UPNY CONED,23315,1723.93,4150,-9999
04/02/2016 10:30,WEST CENTRAL,23312,1030.61,9999,-9999
04/02/2016 10:35,CENTRAL EAST - VC,23330,2317.4,2430,-9999
04/02/2016 10:35,DYSINGER EAST,23326,1441.93,3150,-9999
04/02/2016 10:35,MOSES SOUTH,23319,1349.73,2650,-1600
04/02/2016 10:35,SCH - HQ - NY,23324,897.01,1500,-1000
04/02/2016 10:35,SCH - HQ_CEDARS,325274,0,199,-100
04/02/2016 10:35,SCH - HQ_IMPORT_EXPORT,325376,638,1310,-9999
04/02/2016 10:35,SCH - NE - NY,23318,-824.8,1400,-1600
04/02/2016 10:35,SCH - NPX_1385,325277,0,200,-200
04/02/2016 10:35,SCH - NPX_CSC,325154,330,330,-330
04/02/2016 10:35,SCH - OH - NY,23317,640.51,1100,-1900
04/02/2016 10:35,SCH - PJ - NY,23316,12.72,2600,-1300
04/02/2016 10:35,SCH - PJM_HTP,325905,0,0,0
04/02/2016 10:35,SCH - PJM_NEPTUNE,325305,660,660,-660
04/02/2016 10:35,SCH - PJM_VFT,325658,151.99,315,-315
04/02/2016 10:35,SPR/DUN-SOUTH,23320,1882.26,4600,-9999
04/02/2016 10:35,TOTAL EAST,23314,3472.81,6500,-9999
04/02/2016 10:35,UPNY CONED,23315,1743.97,4150,-9999
04/02/2016 10:35,WEST CENTRAL,23312,1021.42,9999,-9999
04/02/2016 10:40,CENTRAL EAST - VC,23330,2326.73,2430,-9999
04/02/2016 10:40,DYSINGER EAST,23326,1444.51,3150,-9999
04/02/2016 10:40,MOSES SOUTH,23319,1350.71,2650,-1600
04/02/2016 10:40,SCH - HQ - NY,23324,897.04,1500,-1000
04/02/2016 10:40,SCH - HQ_CEDARS,325274,0,199,-100
04/02/2016 10:40,SCH - HQ_IMPORT_EXPORT,325376,638.04,1310,-9999
04/02/2016 10:40,SCH - NE - NY,23318,-824.91,1400,-1600
04/02/2016 10:40,SCH - NPX_1385,325277,0,200,-200
04/02/2016 10:40,SCH - NPX_CSC,325154,330,330,-330
04/02/2016 10:40,SCH - OH - NY,23317,640.38,1100,-1900
04/02/2016 10:40,SCH - PJ - NY,23316,29.13,2600,-1300
04/02/2016 10:40,SCH - PJM_HTP,325905,0,0,0
04/02/2016 10:40,SCH - PJM_NEPTUNE,325305,660,660,-660
04/02/2016 10:40,SCH - PJM_VFT,325658,151.98,315,-315
04/02/2016 10:40,SPR/DUN-SOUTH,23320,1933.4,4600,-9999
04/02/2016 10:40,TOTAL EAST,23314,3556.3,6500,-9999
04/02/2016 10:40,UPNY CONED,23315,1796.66,4150,-9999
04/02/2016 10:40,WEST CENTRAL,23312,1022.71,9999,-9999
04/02/2016 10:45,CENTRAL EAST - VC,23330,2310.47,2430,-9999
04/02/2016 10:45,DYSINGER EAST,23326,1367.96,3150,-9999
04/02/2016 10:45,MOSES SOUTH,23319,1345.2,2650,-1600
04/02/2016 10:45,SCH - HQ - NY,23324,897.02,1500,-1000
04/02/2016 10:45,SCH - HQ_CEDARS,325274,0,199,-100
04/02/2016 10:45,SCH - HQ_IMPORT_EXPORT,325376,638,1310,-9999
04/02/2016 10:45,SCH - NE - NY,23318,-847.69,1400,-1600
04/02/2016 10:45,SCH - NPX_1385,325277,0,200,-200
04/02/2016 10:45,SCH - NPX_CSC,325154,330,330,-330
04/02/2016 10:45,SCH - OH - NY,23317,640.28,1100,-1900
04/02/2016 10:45,SCH - PJ - NY,23316,62.92,2600,-1300
04/02/2016 10:45,SCH - PJM_HTP,325905,0,0,0
04/02/2016 10:45,SCH - PJM_NEPTUNE,325305,660,660,-660
04/02/2016 10:45,SCH - PJM_VFT,325658,151.98,315,-315
04/02/2016 10:45,SPR/DUN-SOUTH,23320,1904.7,4600,-9999
04/02/2016 10:45,TOTAL EAST,23314,3569.89,6500,-9999
04/02/2016 10:45,UPNY CONED,23315,1796.17,4150,-9999
04/02/2016 10:45,WEST CENTRAL,23312,952.48,9999,-9999
04/02/2016 10:50,CENTRAL EAST - VC,23330,2310,2430,-9999
04/02/2016 10:50,DYSINGER EAST,23326,1362.97,3150,-9999
04/02/2016 10:50,MOSES SOUTH,23319,1359.26,2650,-1600
04/02/2016 10:50,SCH - HQ - NY,23324,897.02,1500,-1000
04/02/2016 10:50,SCH - HQ_CEDARS,325274,0,199,-100
04/02/2016 10:50,SCH - HQ_IMPORT_EXPORT,325376,638,1310,-9999
04/02/2016 10:50,SCH - NE - NY,23318,-870.53,1400,-1600
04/02/2016 10:50,SCH - NPX_1385,325277,0,200,-200
04/02/2016 10:50,SCH - NPX_CSC,325154,330,330,-330
04/02/2016 10:50,SCH - OH - NY,23317,640.26,1100,-1900
04/02/2016 10:50,SCH - PJ - NY,23316,110.71,2600,-1300
04/02/2016 10:50,SCH - PJM_HTP,325905,0,0,0
04/02/2016 10:50,SCH - PJM_NEPTUNE,325305,660,660,-660
04/02/2016 10:50,SCH - PJM_VFT,325658,151.98,315,-315
04/02/2016 10:50,SPR/DUN-SOUTH,23320,1877.1,4600,-9999
04/02/2016 10:50,TOTAL EAST,23314,3640.96,6500,-9999
04/02/2016 10:50,UPNY CONED,23315,1786.29,4150,-9999
04/02/2016 10:50,WEST CENTRAL,23312,950.44,9999,-9999
04/02/2016 10:55,CENTRAL EAST - VC,23330,2323.55,2430,-9999
04/02/2016 10:55,DYSINGER EAST,23326,1347.86,3150,-9999
04/02/2016 10:55,MOSES SOUTH,23319,1350.8,2650,-1600
04/02/2016 10:55,SCH - HQ - NY,23324,897.02,1500,-1000
04/02/2016 10:55,SCH - HQ_CEDARS,325274,0,199,-100
04/02/2016 10:55,SCH - HQ_IMPORT_EXPORT,325376,638,1310,-9999
04/02/2016 10:55,SCH - NE - NY,23318,-870.49,1400,-1600
04/02/2016 10:55,SCH - NPX_1385,325277,0,200,-200
04/02/2016 10:55,SCH - NPX_CSC,325154,330,330,-330
04/02/2016 10:55,SCH - OH - NY,23317,640.29,1100,-1900
04/02/2016 10:55,SCH - PJ - NY,23316,111.03,2600,-1300
04/02/2016 10:55,SCH - PJM_HTP,325905,0,0,0
04/02/2016 10:55,SCH - PJM_NEPTUNE,325305,660,660,-660
04/02/2016 10:55,SCH - PJM_VFT,325658,151.98,315,-315
04/02/2016 10:55,SPR/DUN-SOUTH,23320,1875.14,4600,-9999
04/02/2016 10:55,TOTAL EAST,23314,3590.32,6500,-9999
04/02/2016 10:55,UPNY CONED,23315,1788.19,4150,-9999
04/02/2016 10:55,WEST CENTRAL,23312,939.4,9999,-9999
04/02/2016 11:00,CENTRAL EAST - VC,23330,2329.93,2430,-9999
04/02/2016 11:00,DYSINGER EAST,23326,1437.04,3150,-9999
04/02/2016 11:00,MOSES SOUTH,23319,1313,2650,-1600
04/02/2016 11:00,SCH - HQ - NY,23324,874.06,1500,-1000
04/02/2016 11:00,SCH - HQ_CEDARS,325274,0,199,-100
04/02/2016 11:00,SCH - HQ_IMPORT_EXPORT,325376,615.06,1310,-9999
04/02/2016 11:00,SCH - NE - NY,23318,-825.65,1400,-1600
04/02/2016 11:00,SCH - NPX_1385,325277,44,200,-200
04/02/2016 11:00,SCH - NPX_CSC,325154,330,330,-330
04/02/2016 11:00,SCH - OH - NY,23317,662.19,1100,-1900
04/02/2016 11:00,SCH - PJ - NY,23316,14.89,2600,-1300
04/02/2016 11:00,SCH - PJM_HTP,325905,0,0,0
04/02/2016 11:00,SCH - PJM_NEPTUNE,325305,660,660,-660
04/02/2016 11:00,SCH - PJM_VFT,325658,151.98,315,-315
04/02/2016 11:00,SPR/DUN-SOUTH,23320,1913.13,4600,-9999
04/02/2016 11:00,TOTAL EAST,23314,3575.46,6500,-9999
04/02/2016 11:00,UPNY CONED,23315,1753.07,4150,-9999
04/02/2016 11:00,WEST CENTRAL,23312,1024.61,9999,-9999
04/02/2016 11:05,CENTRAL EAST - VC,23330,2327.54,2430,-9999
04/02/2016 11:05,DYSINGER EAST,23326,1503.3,3150,-9999
04/02/2016 11:05,MOSES SOUTH,23319,1307.49,2650,-1600
04/02/2016 11:05,SCH - HQ - NY,23324,851,1500,-1000
04/02/2016 11:05,SCH - HQ_CEDARS,325274,0,199,-100
04/02/2016 11:05,SCH - HQ_IMPORT_EXPORT,325376,592,1310,-9999
04/02/2016 11:05,SCH - NE - NY,23318,-781.78,1400,-1600
04/02/2016 11:05,SCH - NPX_1385,325277,88,200,-200
04/02/2016 11:05,SCH - NPX_CSC,325154,330,330,-330
04/02/2016 11:05,SCH - OH - NY,23317,685.41,1100,-1900
04/02/2016 11:05,SCH - PJ - NY,23316,-74.26,2600,-1300
04/02/2016 11:05,SCH - PJM_HTP,325905,0,0,0
04/02/2016 11:05,SCH - PJM_NEPTUNE,325305,660,660,-660
04/02/2016 11:05,SCH - PJM_VFT,325658,152,315,-315
04/02/2016 11:05,SPR/DUN-SOUTH,23320,1990.28,4600,-9999
04/02/2016 11:05,TOTAL EAST,23314,3624.35,6500,-9999
04/02/2016 11:05,UPNY CONED,23315,1792.8,4150,-9999
04/02/2016 11:05,WEST CENTRAL,23312,1088.33,9999,-9999
04/02/2016 11:10,CENTRAL EAST - VC,23330,2324,2430,-9999
04/02/2016 11:10,DYSINGER EAST,23326,1499.97,3150,-9999
04/02/2016 11:10,MOSES SOUTH,23319,1346.79,2650,-1600
04/02/2016 11:10,SCH - HQ - NY,23324,851.03,1500,-1000
04/02/2016 11:10,SCH - HQ_CEDARS,325274,0,199,-100
04/02/2016 11:10,SCH - HQ_IMPORT_EXPORT,325376,592,1310,-9999
04/02/2016 11:10,SCH - NE - NY,23318,-782.34,1400,-1600
04/02/2016 11:10,SCH - NPX_1385,325277,88,200,-200
04/02/2016 11:10,SCH - NPX_CSC,325154,330,330,-330
04/02/2016 11:10,SCH - OH - NY,23317,685.54,1100,-1900
04/02/2016 11:10,SCH - PJ - NY,23316,-73.41,2600,-1300
04/02/2016 11:10,SCH - PJM_HTP,325905,0,0,0
04/02/2016 11:10,SCH - PJM_NEPTUNE,325305,660,660,-660
04/02/2016 11:10,SCH - PJM_VFT,325658,151.97,315,-315
04/02/2016 11:10,SPR/DUN-SOUTH,23320,1987.52,4600,-9999
04/02/2016 11:10,TOTAL EAST,23314,3672.27,6500,-9999
04/02/2016 11:10,UPNY CONED,23315,1808.22,4150,-9999
04/02/2016 11:10,WEST CENTRAL,23312,1088.01,9999,-9999
04/02/2016 11:15,CENTRAL EAST - VC,23330,2314.04,2430,-9999
04/02/2016 11:15,DYSINGER EAST,23326,1476.13,3150,-9999
04/02/2016 11:15,MOSES SOUTH,23319,1326.52,2650,-1600
04/02/2016 11:15,SCH - HQ - NY,23324,851.01,1500,-1000
04/02/2016 11:15,SCH - HQ_CEDARS,325274,0,199,-100
04/02/2016 11:15,SCH - HQ_IMPORT_EXPORT,325376,592,1310,-9999
04/02/2016 11:15,SCH - NE - NY,23318,-777.07,1400,-1600
04/02/2016 11:15,SCH - NPX_1385,325277,88,200,-200
04/02/2016 11:15,SCH - NPX_CSC,325154,330,330,-330
04/02/2016 11:15,SCH - OH - NY,23317,680.23,1100,-1900
04/02/2016 11:15,SCH - PJ - NY,23316,-72.15,2600,-1300
04/02/2016 11:15,SCH - PJM_HTP,325905,0,0,0
04/02/2016 11:15,SCH - PJM_NEPTUNE,325305,660,660,-660
04/02/2016 11:15,SCH - PJM_VFT,325658,151.99,315,-315
04/02/2016 11:15,SPR/DUN-SOUTH,23320,1967.61,4600,-9999
04/02/2016 11:15,TOTAL EAST,23314,3693.52,6500,-9999
04/02/2016 11:15,UPNY CONED,23315,1791.16,4150,-9999
04/02/2016 11:15,WEST CENTRAL,23312,1070.17,9999,-9999
04/02/2016 11:20,CENTRAL EAST - VC,23330,2328.1,2430,-9999
04/02/2016 11:20,DYSINGER EAST,23326,1431.26,3150,-9999
04/02/2016 11:20,MOSES SOUTH,23319,1311.7,2650,-1600
04/02/2016 11:20,SCH - HQ - NY,23324,851,1500,-1000
04/02/2016 11:20,SCH - HQ_CEDARS,325274,0,199,-100
04/02/2016 11:20,SCH - HQ_IMPORT_EXPORT,325376,592,1310,-9999
04/02/2016 11:20,SCH - NE - NY,23318,-773.06,1400,-1600
04/02/2016 11:20,SCH - NPX_1385,325277,88,200,-200
04/02/2016 11:20,SCH - NPX_CSC,325154,330,330,-330
04/02/2016 11:20,SCH - OH - NY,23317,685.98,1100,-1900
04/02/2016 11:20,SCH - PJ - NY,23316,-78.33,2600,-1300
04/02/2016 11:20,SCH - PJM_HTP,325905,0,0,0
04/02/2016 11:20,SCH - PJM_NEPTUNE,325305,660,660,-660
04/02/2016 11:20,SCH - PJM_VFT,325658,152,315,-315
04/02/2016 11:20,SPR/DUN-SOUTH,23320,2048.19,4600,-9999
04/02/2016 11:20,TOTAL EAST,23314,3613.65,6500,-9999
04/02/2016 11:20,UPNY CONED,23315,1867.06,4150,-9999
04/02/2016 11:20,WEST CENTRAL,23312,1028.02,9999,-9999
04/02/2016 11:25,CENTRAL EAST - VC,23330,2329.97,2430,-9999
04/02/2016 11:25,DYSINGER EAST,23326,1440.28,3150,-9999
04/02/2016 11:25,MOSES SOUTH,23319,1327.86,2650,-1600
04/02/2016 11:25,SCH - HQ - NY,23324,851.03,1500,-1000
04/02/2016 11:25,SCH - HQ_CEDARS,325274,0,199,-100
04/02/2016 11:25,SCH - HQ_IMPORT_EXPORT,325376,592,1310,-9999
04/02/2016 11:25,SCH - NE - NY,23318,-773.29,1400,-1600
04/02/2016 11:25,SCH - NPX_1385,325277,88,200,-200
04/02/2016 11:25,SCH - NPX_CSC,325154,330,330,-330
04/02/2016 11:25,SCH - OH - NY,23317,684.61,1100,-1900
04/02/2016 11:25,SCH - PJ - NY,23316,-75.34,2600,-1300
04/02/2016 11:25,SCH - PJM_HTP,325905,0,0,0
04/02/2016 11:25,SCH - PJM_NEPTUNE,325305,660,660,-660
04/02/2016 11:25,SCH - PJM_VFT,325658,151.98,315,-315
04/02/2016 11:25,SPR/DUN-SOUTH,23320,2011.15,4600,-9999
04/02/2016 11:25,TOTAL EAST,23314,3720.8,6500,-9999
04/02/2016 11:25,UPNY CONED,23315,1863.43,4150,-9999
04/02/2016 11:25,WEST CENTRAL,23312,1039.72,9999,-9999
04/02/2016 11:30,CENTRAL EAST - VC,23330,2328.8,2430,-9999
04/02/2016 11:30,DYSINGER EAST,23326,1447.38,3150,-9999
04/02/2016 11:30,MOSES SOUTH,23319,1340.92,2650,-1600
04/02/2016 11:30,SCH - HQ - NY,23324,851.01,1500,-1000
04/02/2016 11:30,SCH - HQ_CEDARS,325274,0,199,-100
04/02/2016 11:30,SCH - HQ_IMPORT_EXPORT,325376,592,1310,-9999
04/02/2016 11:30,SCH - NE - NY,23318,-798.19,1400,-1600
04/02/2016 11:30,SCH - NPX_1385,325277,88,200,-200
04/02/2016 11:30,SCH - NPX_CSC,325154,330,330,-330
04/02/2016 11:30,SCH - OH - NY,23317,682.57,1100,-1900
04/02/2016 11:30,SCH - PJ - NY,23316,-73.17,2600,-1300
04/02/2016 11:30,SCH - PJM_HTP,325905,0,0,0
04/02/2016 11:30,SCH - PJM_NEPTUNE,325305,660,660,-660
04/02/2016 11:30,SCH - PJM_VFT,325658,152.99,315,-315
04/02/2016 11:30,SPR/DUN-SOUTH,23320,2103.44,4600,-9999
04/02/2016 11:30,TOTAL EAST,23314,3661.5,6500,-9999
04/02/2016 11:30,UPNY CONED,23315,1945.39,4150,-9999
04/02/2016 11:30,WEST CENTRAL,23312,1047.79,9999,-9999
04/02/2016 11:35,CENTRAL EAST - VC,23330,2328.86,2430,-9999
04/02/2016 11:35,DYSINGER EAST,23326,1465.98,3150,-9999
04/02/2016 11:35,MOSES SOUTH,23319,1358.32,2650,-1600
04/02/2016 11:35,SCH - HQ - NY,23324,851.01,1500,-1000
04/02/2016 11:35,SCH - HQ_CEDARS,325274,0,199,-100
04/02/2016 11:35,SCH - HQ_IMPORT_EXPORT,325376,592,1310,-9999
04/02/2016 11:35,SCH - NE - NY,23318,-822.9,1400,-1600
04/02/2016 11:35,SCH - NPX_1385,325277,88,200,-200
04/02/2016 11:35,SCH - NPX_CSC,325154,330,330,-330
04/02/2016 11:35,SCH - OH - NY,23317,684.28,1100,-1900
04/02/2016 11:35,SCH - PJ - NY,23316,-76.79,2600,-1300
04/02/2016 11:35,SCH - PJM_HTP,325905,0,0,0
04/02/2016 11:35,SCH - PJM_NEPTUNE,325305,660,660,-660
04/02/2016 11:35,SCH - PJM_VFT,325658,151.99,315,-315
04/02/2016 11:35,SPR/DUN-SOUTH,23320,2073.36,4600,-9999
04/02/2016 11:35,TOTAL EAST,23314,3675.73,6500,-9999
04/02/2016 11:35,UPNY CONED,23315,1898.84,4150,-9999
04/02/2016 11:35,WEST CENTRAL,23312,1065.82,9999,-9999
04/02/2016 11:40,CENTRAL EAST - VC,23330,2328.72,2430,-9999
04/02/2016 11:40,DYSINGER EAST,23326,1409.08,3150,-9999
04/02/2016 11:40,MOSES SOUTH,23319,1326.45,2650,-1600
04/02/2016 11:40,SCH - HQ - NY,23324,851.01,1500,-1000
04/02/2016 11:40,SCH - HQ_CEDARS,325274,0,199,-100
04/02/2016 11:40,SCH - HQ_IMPORT_EXPORT,325376,592,1310,-9999
04/02/2016 11:40,SCH - NE - NY,23318,-822.8,1400,-1600
04/02/2016 11:40,SCH - NPX_1385,325277,88,200,-200
04/02/2016 11:40,SCH - NPX_CSC,325154,330,330,-330
04/02/2016 11:40,SCH - OH - NY,23317,684.79,1100,-1900
04/02/2016 11:40,SCH - PJ - NY,23316,-76.2,2600,-1300
04/02/2016 11:40,SCH - PJM_HTP,325905,0,0,0
04/02/2016 11:40,SCH - PJM_NEPTUNE,325305,660,660,-660
04/02/2016 11:40,SCH - PJM_VFT,325658,152,315,-315
04/02/2016 11:40,SPR/DUN-SOUTH,23320,2090.34,4600,-9999
04/02/2016 11:40,TOTAL EAST,23314,3628.44,6500,-9999
04/02/2016 11:40,UPNY CONED,23315,1914.61,4150,-9999
04/02/2016 11:40,WEST CENTRAL,23312,1012.35,9999,-9999
04/02/2016 11:45,CENTRAL EAST - VC,23330,2331.38,2430,-9999
04/02/2016 11:45,DYSINGER EAST,23326,1407.02,3150,-9999
04/02/2016 11:45,MOSES SOUTH,23319,1328.64,2650,-1600
04/02/2016 11:45,SCH - HQ - NY,23324,851.01,1500,-1000
04/02/2016 11:45,SCH - HQ_CEDARS,325274,0,199,-100
04/02/2016 11:45,SCH - HQ_IMPORT_EXPORT,325376,592,1310,-9999
04/02/2016 11:45,SCH - NE - NY,23318,-824.99,1400,-1600
04/02/2016 11:45,SCH - NPX_1385,325277,88,200,-200
04/02/2016 11:45,SCH - NPX_CSC,325154,330,330,-330
04/02/2016 11:45,SCH - OH - NY,23317,684.65,1100,-1900
04/02/2016 11:45,SCH - PJ - NY,23316,-72.69,2600,-1300
04/02/2016 11:45,SCH - PJM_HTP,325905,0,0,0
04/02/2016 11:45,SCH - PJM_NEPTUNE,325305,660,660,-660
04/02/2016 11:45,SCH - PJM_VFT,325658,151.99,315,-315
04/02/2016 11:45,SPR/DUN-SOUTH,23320,2075.09,4600,-9999
04/02/2016 11:45,TOTAL EAST,23314,3708.5,6500,-9999
04/02/2016 11:45,UPNY CONED,23315,1964.09,4150,-9999
04/02/2016 11:45,WEST CENTRAL,23312,1011.33,9999,-9999
04/02/2016 11:50,CENTRAL EAST - VC,23330,2322.78,2430,-9999
04/02/2016 11:50,DYSINGER EAST,23326,1274.61,3150,-9999
04/02/2016 11:50,MOSES SOUTH,23319,1323.54,2650,-1600
04/02/2016 11:50,SCH - HQ - NY,23324,851.01,1500,-1000
04/02/2016 11:50,SCH - HQ_CEDARS,325274,0,199,-100
04/02/2016 11:50,SCH - HQ_IMPORT_EXPORT,325376,592,1310,-9999
04/02/2016 11:50,SCH - NE - NY,23318,-827.97,1400,-1600
04/02/2016 11:50,SCH - NPX_1385,325277,88,200,-200
04/02/2016 11:50,SCH - NPX_CSC,325154,330,330,-330
04/02/2016 11:50,SCH - OH - NY,23317,684.64,1100,-1900
04/02/2016 11:50,SCH - PJ - NY,23316,-61.8,2600,-1300
04/02/2016 11:50,SCH - PJM_HTP,325905,0,0,0
04/02/2016 11:50,SCH - PJM_NEPTUNE,325305,660,660,-660
04/02/2016 11:50,SCH - PJM_VFT,325658,151.99,315,-315
04/02/2016 11:50,SPR/DUN-SOUTH,23320,2135.07,4600,-9999
04/02/2016 11:50,TOTAL EAST,23314,3653.6,6500,-9999
04/02/2016 11:50,UPNY CONED,23315,2044.65,4150,-9999
04/02/2016 11:50,WEST CENTRAL,23312,882.81,9999,-9999
04/02/2016 11:55,CENTRAL EAST - VC,23330,2325.94,2430,-9999
04/02/2016 11:55,DYSINGER EAST,23326,1283.86,3150,-9999
04/02/2016 11:55,MOSES SOUTH,23319,1341.85,2650,-1600
04/02/2016 11:55,SCH - HQ - NY,23324,851.01,1500,-1000
04/02/2016 11:55,SCH - HQ_CEDARS,325274,0,199,-100
04/02/2016 11:55,SCH - HQ_IMPORT_EXPORT,325376,592,1310,-9999
04/02/2016 11:55,SCH - NE - NY,23318,-828.09,1400,-1600
04/02/2016 11:55,SCH - NPX_1385,325277,88,200,-200
04/02/2016 11:55,SCH - NPX_CSC,325154,330,330,-330
04/02/2016 11:55,SCH - OH - NY,23317,684.77,1100,-1900
04/02/2016 11:55,SCH - PJ - NY,23316,-74.13,2600,-1300
04/02/2016 11:55,SCH - PJM_HTP,325905,0,0,0
04/02/2016 11:55,SCH - PJM_NEPTUNE,325305,660,660,-660
04/02/2016 11:55,SCH - PJM_VFT,325658,151.99,315,-315
04/02/2016 11:55,SPR/DUN-SOUTH,23320,2133.97,4600,-9999
04/02/2016 11:55,TOTAL EAST,23314,3671.85,6500,-9999
04/02/2016 11:55,UPNY CONED,23315,2055.17,4150,-9999
04/02/2016 11:55,WEST CENTRAL,23312,894.62,9999,-9999
04/02/2016 12:00,CENTRAL EAST - VC,23330,2305.44,2430,-9999
04/02/2016 12:00,DYSINGER EAST,23326,1254.74,3150,-9999
04/02/2016 12:00,MOSES SOUTH,23319,1314.56,2650,-1600
04/02/2016 12:00,SCH - HQ - NY,23324,851.01,1500,-1000
04/02/2016 12:00,SCH - HQ_CEDARS,325274,0,199,-100
04/02/2016 12:00,SCH - HQ_IMPORT_EXPORT,325376,592,1310,-9999
04/02/2016 12:00,SCH - NE - NY,23318,-814.99,1400,-1600
04/02/2016 12:00,SCH - NPX_1385,325277,118,200,-200
04/02/2016 12:00,SCH - NPX_CSC,325154,330,330,-330
04/02/2016 12:00,SCH - OH - NY,23317,737.98,1100,-1900
04/02/2016 12:00,SCH - PJ - NY,23316,-28.15,2600,-1300
04/02/2016 12:00,SCH - PJM_HTP,325905,0,0,0
04/02/2016 12:00,SCH - PJM_NEPTUNE,325305,660,660,-660
04/02/2016 12:00,SCH - PJM_VFT,325658,151.99,315,-315
04/02/2016 12:00,SPR/DUN-SOUTH,23320,2087.84,4600,-9999
04/02/2016 12:00,TOTAL EAST,23314,3600.03,6500,-9999
04/02/2016 12:00,UPNY CONED,23315,1929.62,4150,-9999
04/02/2016 12:00,WEST CENTRAL,23312,865.01,9999,-9999
04/02/2016 12:05,CENTRAL EAST - VC,23330,2332.53,2430,-9999
04/02/2016 12:05,DYSINGER EAST,23326,1181.35,3150,-9999
04/02/2016 12:05,MOSES SOUTH,23319,1329.25,2650,-1600
04/02/2016 12:05,SCH - HQ - NY,23324,851.02,1500,-1000
04/02/2016 12:05,SCH - HQ_CEDARS,325274,0,199,-100
04/02/2016 12:05,SCH - HQ_IMPORT_EXPORT,325376,592,1310,-9999
04/02/2016 12:05,SCH - NE - NY,23318,-801.95,1400,-1600
04/02/2016 12:05,SCH - NPX_1385,325277,148,200,-200
04/02/2016 12:05,SCH - NPX_CSC,325154,330,330,-330
04/02/2016 12:05,SCH - OH - NY,23317,799.4,1100,-1900
04/02/2016 12:05,SCH - PJ - NY,23316,16.22,2600,-1300
04/02/2016 12:05,SCH - PJM_HTP,325905,0,0,0
04/02/2016 12:05,SCH - PJM_NEPTUNE,325305,660,660,-660
04/02/2016 12:05,SCH - PJM_VFT,325658,151.99,315,-315
04/02/2016 12:05,SPR/DUN-SOUTH,23320,2183.93,4600,-9999
04/02/2016 12:05,TOTAL EAST,23314,3671.56,6500,-9999
04/02/2016 12:05,UPNY CONED,23315,2008.17,4150,-9999
04/02/2016 12:05,WEST CENTRAL,23312,790.53,9999,-9999
04/02/2016 12:10,CENTRAL EAST - VC,23330,2321.05,2430,-9999
04/02/2016 12:10,DYSINGER EAST,23326,1178.82,3150,-9999
04/02/2016 12:10,MOSES SOUTH,23319,1362.01,2650,-1600
04/02/2016 12:10,SCH - HQ - NY,23324,851,1500,-1000
04/02/2016 12:10,SCH - HQ_CEDARS,325274,0,199,-100
04/02/2016 12:10,SCH - HQ_IMPORT_EXPORT,325376,592,1310,-9999
04/02/2016 12:10,SCH - NE - NY,23318,-802.13,1400,-1600
04/02/2016 12:10,SCH - NPX_1385,325277,148,200,-200
04/02/2016 12:10,SCH - NPX_CSC,325154,330,330,-330
04/02/2016 12:10,SCH - OH - NY,23317,801.53,1100,-1900
04/02/2016 12:10,SCH - PJ - NY,23316,11.25,2600,-1300
04/02/2016 12:10,SCH - PJM_HTP,325905,0,0,0
04/02/2016 12:10,SCH - PJM_NEPTUNE,325305,660,660,-660
04/02/2016 12:10,SCH - PJM_VFT,325658,152,315,-315
04/02/2016 12:10,SPR/DUN-SOUTH,23320,2177.74,4600,-9999
04/02/2016 12:10,TOTAL EAST,23314,3611.27,6500,-9999
04/02/2016 12:10,UPNY CONED,23315,1962.21,4150,-9999
04/02/2016 12:10,WEST CENTRAL,23312,789.4,9999,-9999
04/02/2016 12:15,CENTRAL EAST - VC,23330,2329.87,2430,-9999
04/02/2016 12:15,DYSINGER EAST,23326,1264.14,3150,-9999
04/02/2016 12:15,MOSES SOUTH,23319,1330.33,2650,-1600
04/02/2016 12:15,SCH - HQ - NY,23324,851.01,1500,-1000
04/02/2016 12:15,SCH - HQ_CEDARS,325274,0,199,-100
04/02/2016 12:15,SCH - HQ_IMPORT_EXPORT,325376,592,1310,-9999
04/02/2016 12:15,SCH - NE - NY,23318,-802.13,1400,-1600
04/02/2016 12:15,SCH - NPX_1385,325277,148,200,-200
04/02/2016 12:15,SCH - NPX_CSC,325154,330,330,-330
04/02/2016 12:15,SCH - OH - NY,23317,797.47,1100,-1900
04/02/2016 12:15,SCH - PJ - NY,23316,14.43,2600,-1300
04/02/2016 12:15,SCH - PJM_HTP,325905,0,0,0
04/02/2016 12:15,SCH - PJM_NEPTUNE,325305,660,660,-660
04/02/2016 12:15,SCH - PJM_VFT,325658,151.99,315,-315
04/02/2016 12:15,SPR/DUN-SOUTH,23320,2255.65,4600,-9999
04/02/2016 12:15,TOTAL EAST,23314,3659.56,6500,-9999
04/02/2016 12:15,UPNY CONED,23315,2016.18,4150,-9999
04/02/2016 12:15,WEST CENTRAL,23312,868.84,9999,-9999
04/02/2016 12:20,CENTRAL EAST - VC,23330,2319.77,2430,-9999
04/02/2016 12:20,DYSINGER EAST,23326,1194.44,3150,-9999
04/02/2016 12:20,MOSES SOUTH,23319,1311.94,2650,-1600
04/02/2016 12:20,SCH - HQ - NY,23324,851.01,1500,-1000
04/02/2016 12:20,SCH - HQ_CEDARS,325274,0,199,-100
04/02/2016 12:20,SCH - HQ_IMPORT_EXPORT,325376,592,1310,-9999
04/02/2016 12:20,SCH - NE - NY,23318,-802.07,1400,-1600
04/02/2016 12:20,SCH - NPX_1385,325277,148,200,-200
04/02/2016 12:20,SCH - NPX_CSC,325154,330,330,-330
04/02/2016 12:20,SCH - OH - NY,23317,799.74,1100,-1900
04/02/2016 12:20,SCH - PJ - NY,23316,10.33,2600,-1300
04/02/2016 12:20,SCH - PJM_HTP,325905,0,0,0
04/02/2016 12:20,SCH - PJM_NEPTUNE,325305,660,660,-660
04/02/2016 12:20,SCH - PJM_VFT,325658,151.99,315,-315
04/02/2016 12:20,SPR/DUN-SOUTH,23320,2259.22,4600,-9999
04/02/2016 12:20,TOTAL EAST,23314,3658.21,6500,-9999
04/02/2016 12:20,UPNY CONED,23315,2031.54,4150,-9999
04/02/2016 12:20,WEST CENTRAL,23312,800.89,9999,-9999
04/02/2016 12:25,CENTRAL EAST - VC,23330,2321.22,2430,-9999
04/02/2016 12:25,DYSINGER EAST,23326,1169.1,3150,-9999
04/02/2016 12:25,MOSES SOUTH,23319,1307.63,2650,-1600
04/02/2016 12:25,SCH - HQ - NY,23324,851.01,1500,-1000
04/02/2016 12:25,SCH - HQ_CEDARS,325274,0,199,-100
04/02/2016 12:25,SCH - HQ_IMPORT_EXPORT,325376,592,1310,-9999
04/02/2016 12:25,SCH - NE - NY,23318,-802.08,1400,-1600
04/02/2016 12:25,SCH - NPX_1385,325277,148,200,-200
04/02/2016 12:25,SCH - NPX_CSC,325154,330,330,-330
04/02/2016 12:25,SCH - OH - NY,23317,799.7,1100,-1900
04/02/2016 12:25,SCH - PJ - NY,23316,14.31,2600,-1300
04/02/2016 12:25,SCH - PJM_HTP,325905,0,0,0
04/02/2016 12:25,SCH - PJM_NEPTUNE,325305,660,660,-660
04/02/2016 12:25,SCH - PJM_VFT,325658,151.98,315,-315
04/02/2016 12:25,SPR/DUN-SOUTH,23320,2263.84,4600,-9999
04/02/2016 12:25,TOTAL EAST,23314,3651.41,6500,-9999
04/02/2016 12:25,UPNY CONED,23315,2009.55,4150,-9999
04/02/2016 12:25,WEST CENTRAL,23312,778.22,9999,-9999
04/02/2016 12:30,CENTRAL EAST - VC,23330,2326.08,2430,-9999
04/02/2016 12:30,DYSINGER EAST,23326,1211.13,3150,-9999
04/02/2016 12:30,MOSES SOUTH,23319,1322.23,2650,-1600
04/02/2016 12:30,SCH - HQ - NY,23324,851.02,1500,-1000
04/02/2016 12:30,SCH - HQ_CEDARS,325274,0,199,-100
04/02/2016 12:30,SCH - HQ_IMPORT_EXPORT,325376,592,1310,-9999
04/02/2016 12:30,SCH - NE - NY,23318,-705.41,1400,-1600
04/02/2016 12:30,SCH - NPX_1385,325277,148,200,-200
04/02/2016 12:30,SCH - NPX_CSC,325154,330,330,-330
04/02/2016 12:30,SCH - OH - NY,23317,797.13,1100,-1900
04/02/2016 12:30,SCH - PJ - NY,23316,16.94,2600,-1300
04/02/2016 12:30,SCH - PJM_HTP,325905,0,0,0
04/02/2016 12:30,SCH - PJM_NEPTUNE,325305,660,660,-660
04/02/2016 12:30,SCH - PJM_VFT,325658,151.99,315,-315
04/02/2016 12:30,SPR/DUN-SOUTH,23320,2458.06,4600,-9999
04/02/2016 12:30,TOTAL EAST,23314,3702.14,6500,-9999
04/02/2016 12:30,UPNY CONED,23315,2165.56,4150,-9999
04/02/2016 12:30,WEST CENTRAL,23312,818.84,9999,-9999
04/02/2016 12:35,CENTRAL EAST - VC,23330,2319.17,2430,-9999
04/02/2016 12:35,DYSINGER EAST,23326,1159.49,3150,-9999
04/02/2016 12:35,MOSES SOUTH,23319,1346.41,2650,-1600
04/02/2016 12:35,SCH - HQ - NY,23324,851,1500,-1000
04/02/2016 12:35,SCH - HQ_CEDARS,325274,0,199,-100
04/02/2016 12:35,SCH - HQ_IMPORT_EXPORT,325376,592,1310,-9999
04/02/2016 12:35,SCH - NE - NY,23318,-608.6,1400,-1600
04/02/2016 12:35,SCH - NPX_1385,325277,148,200,-200
04/02/2016 12:35,SCH - NPX_CSC,325154,330,330,-330
04/02/2016 12:35,SCH - OH - NY,23317,801.66,1100,-1900
04/02/2016 12:35,SCH - PJ - NY,23316,.49,2600,-1300
04/02/2016 12:35,SCH - PJM_HTP,325905,0,0,0
04/02/2016 12:35,SCH - PJM_NEPTUNE,325305,660,660,-660
04/02/2016 12:35,SCH - PJM_VFT,325658,152,315,-315
04/02/2016 12:35,SPR/DUN-SOUTH,23320,2513.34,4600,-9999
04/02/2016 12:35,TOTAL EAST,23314,3668.09,6500,-9999
04/02/2016 12:35,UPNY CONED,23315,2214.88,4150,-9999
04/02/2016 12:35,WEST CENTRAL,23312,769.13,9999,-9999
04/02/2016 12:40,CENTRAL EAST - VC,23330,2320.97,2430,-9999
04/02/2016 12:40,DYSINGER EAST,23326,1167.46,3150,-9999
04/02/2016 12:40,MOSES SOUTH,23319,1353.41,2650,-1600
04/02/2016 12:40,SCH - HQ - NY,23324,851.02,1500,-1000
04/02/2016 12:40,SCH - HQ_CEDARS,325274,0,199,-100
04/02/2016 12:40,SCH - HQ_IMPORT_EXPORT,325376,592,1310,-9999
04/02/2016 12:40,SCH - NE - NY,23318,-608.54,1400,-1600
04/02/2016 12:40,SCH - NPX_1385,325277,148,200,-200
04/02/2016 12:40,SCH - NPX_CSC,325154,330.01,330,-330
04/02/2016 12:40,SCH - OH - NY,23317,799.7,1100,-1900
04/02/2016 12:40,SCH - PJ - NY,23316,13.38,2600,-1300
04/02/2016 12:40,SCH - PJM_HTP,325905,0,0,0
04/02/2016 12:40,SCH - PJM_NEPTUNE,325305,659.99,660,-660
04/02/2016 12:40,SCH - PJM_VFT,325658,151.97,315,-315
04/02/2016 12:40,SPR/DUN-SOUTH,23320,2479.5,4600,-9999
04/02/2016 12:40,TOTAL EAST,23314,3741.2,6500,-9999
04/02/2016 12:40,UPNY CONED,23315,2200.35,4150,-9999
04/02/2016 12:40,WEST CENTRAL,23312,780.52,9999,-9999
04/02/2016 12:45,CENTRAL EAST - VC,23330,2332.3,2430,-9999
04/02/2016 12:45,DYSINGER EAST,23326,1036.65,3150,-9999
04/02/2016 12:45,MOSES SOUTH,23319,1385.45,2650,-1600
04/02/2016 12:45,SCH - HQ - NY,23324,851.02,1500,-1000
04/02/2016 12:45,SCH - HQ_CEDARS,325274,0,199,-100
04/02/2016 12:45,SCH - HQ_IMPORT_EXPORT,325376,592,1310,-9999
04/02/2016 12:45,SCH - NE - NY,23318,-702.35,1400,-1600
04/02/2016 12:45,SCH - NPX_1385,325277,148,200,-200
04/02/2016 12:45,SCH - NPX_CSC,325154,330,330,-330
04/02/2016 12:45,SCH - OH - NY,23317,799.56,1100,-1900
04/02/2016 12:45,SCH - PJ - NY,23316,38.01,2600,-1300
04/02/2016 12:45,SCH - PJM_HTP,325905,0,0,0
04/02/2016 12:45,SCH - PJM_NEPTUNE,325305,660,660,-660
04/02/2016 12:45,SCH - PJM_VFT,325658,151.99,315,-315
04/02/2016 12:45,SPR/DUN-SOUTH,23320,2451.74,4600,-9999
04/02/2016 12:45,TOTAL EAST,23314,3701.82,6500,-9999
04/02/2016 12:45,UPNY CONED,23315,2165.29,4150,-9999
04/02/2016 12:45,WEST CENTRAL,23312,654.99,9999,-9999
04/02/2016 12:50,CENTRAL EAST - VC,23330,2311.34,2430,-9999
04/02/2016 12:50,DYSINGER EAST,23326,968.65,3150,-9999
04/02/2016 12:50,MOSES SOUTH,23319,1403.12,2650,-1600
04/02/2016 12:50,SCH - HQ - NY,23324,851.01,1500,-1000
04/02/2016 12:50,SCH - HQ_CEDARS,325274,0,199,-100
04/02/2016 12:50,SCH - HQ_IMPORT_EXPORT,325376,592,1310,-9999
04/02/2016 12:50,SCH - NE - NY,23318,-796.85,1400,-1600
04/02/2016 12:50,SCH - NPX_1385,325277,148,200,-200
04/02/2016 12:50,SCH - NPX_CSC,325154,330,330,-330
04/02/2016 12:50,SCH - OH - NY,23317,799.69,1100,-1900
04/02/2016 12:50,SCH - PJ - NY,23316,62.12,2600,-1300
04/02/2016 12:50,SCH - PJM_HTP,325905,0,0,0
04/02/2016 12:50,SCH - PJM_NEPTUNE,325305,660,660,-660
04/02/2016 12:50,SCH - PJM_VFT,325658,151.99,315,-315
04/02/2016 12:50,SPR/DUN-SOUTH,23320,2360.14,4600,-9999
04/02/2016 12:50,TOTAL EAST,23314,3690.46,6500,-9999
04/02/2016 12:50,UPNY CONED,23315,2053.97,4150,-9999
04/02/2016 12:50,WEST CENTRAL,23312,591.54,9999,-9999
04/02/2016 12:55,CENTRAL EAST - VC,23330,2324.16,2430,-9999
04/02/2016 12:55,DYSINGER EAST,23326,928.89,3150,-9999
04/02/2016 12:55,MOSES SOUTH,23319,1398.05,2650,-1600
04/02/2016 12:55,SCH - HQ - NY,23324,851.01,1500,-1000
04/02/2016 12:55,SCH - HQ_CEDARS,325274,0,199,-100
04/02/2016 12:55,SCH - HQ_IMPORT_EXPORT,325376,592,1310,-9999
04/02/2016 12:55,SCH - NE - NY,23318,-796.67,1400,-1600
04/02/2016 12:55,SCH - NPX_1385,325277,148,200,-200
04/02/2016 12:55,SCH - NPX_CSC,325154,330,330,-330
04/02/2016 12:55,SCH - OH - NY,23317,799.39,1100,-1900
04/02/2016 12:55,SCH - PJ - NY,23316,64.31,2600,-1300
04/02/2016 12:55,SCH - PJM_HTP,325905,0,0,0
04/02/2016 12:55,SCH - PJM_NEPTUNE,325305,660,660,-660
04/02/2016 12:55,SCH - PJM_VFT,325658,151.98,315,-315
04/02/2016 12:55,SPR/DUN-SOUTH,23320,2357.37,4600,-9999
04/02/2016 12:55,TOTAL EAST,23314,3688.53,6500,-9999
04/02/2016 12:55,UPNY CONED,23315,2053.12,4150,-9999
04/02/2016 12:55,WEST CENTRAL,23312,551.38,9999,-9999
04/02/2016 13:00,CENTRAL EAST - VC,23330,2316.23,2430,-9999
04/02/2016 13:00,DYSINGER EAST,23326,1073.78,3150,-9999
04/02/2016 13:00,MOSES SOUTH,23319,1333.32,2650,-1600
04/02/2016 13:00,SCH - HQ - NY,23324,836.01,1500,-1000
04/02/2016 13:00,SCH - HQ_CEDARS,325274,0,199,-100
04/02/2016 13:00,SCH - HQ_IMPORT_EXPORT,325376,577,1310,-9999
04/02/2016 13:00,SCH - NE - NY,23318,-744.05,1400,-1600
04/02/2016 13:00,SCH - NPX_1385,325277,166,200,-200
04/02/2016 13:00,SCH - NPX_CSC,325154,330,330,-330
04/02/2016 13:00,SCH - OH - NY,23317,796.62,1100,-1900
04/02/2016 13:00,SCH - PJ - NY,23316,123.43,2600,-1300
04/02/2016 13:00,SCH - PJM_HTP,325905,0,0,0
04/02/2016 13:00,SCH - PJM_NEPTUNE,325305,660,660,-660
04/02/2016 13:00,SCH - PJM_VFT,325658,151.99,315,-315
04/02/2016 13:00,SPR/DUN-SOUTH,23320,2348.39,4600,-9999
04/02/2016 13:00,TOTAL EAST,23314,3718.7,6500,-9999
04/02/2016 13:00,UPNY CONED,23315,2153.53,4150,-9999
04/02/2016 13:00,WEST CENTRAL,23312,688.97,9999,-9999
04/02/2016 13:05,CENTRAL EAST - VC,23330,2306.42,2430,-9999
04/02/2016 13:05,DYSINGER EAST,23326,1097.43,3150,-9999
04/02/2016 13:05,MOSES SOUTH,23319,1309.56,2650,-1600
04/02/2016 13:05,SCH - HQ - NY,23324,821.03,1500,-1000
04/02/2016 13:05,SCH - HQ_CEDARS,325274,0,199,-100
04/02/2016 13:05,SCH - HQ_IMPORT_EXPORT,325376,562,1310,-9999
04/02/2016 13:05,SCH - NE - NY,23318,-692.31,1400,-1600
04/02/2016 13:05,SCH - NPX_1385,325277,184,200,-200
04/02/2016 13:05,SCH - NPX_CSC,325154,330.01,330,-330
04/02/2016 13:05,SCH - OH - NY,23317,799.28,1100,-1900
04/02/2016 13:05,SCH - PJ - NY,23316,178.04,2600,-1300
04/02/2016 13:05,SCH - PJM_HTP,325905,0,0,0
04/02/2016 13:05,SCH - PJM_NEPTUNE,325305,659.99,660,-660
04/02/2016 13:05,SCH - PJM_VFT,325658,151.96,315,-315
04/02/2016 13:05,SPR/DUN-SOUTH,23320,2348.79,4600,-9999
04/02/2016 13:05,TOTAL EAST,23314,3730.54,6500,-9999
04/02/2016 13:05,UPNY CONED,23315,2182.57,4150,-9999
04/02/2016 13:05,WEST CENTRAL,23312,710.8,9999,-9999
04/02/2016 13:10,CENTRAL EAST - VC,23330,2322.26,2430,-9999
04/02/2016 13:10,DYSINGER EAST,23326,1065,3150,-9999
04/02/2016 13:10,MOSES SOUTH,23319,1342.21,2650,-1600
04/02/2016 13:10,SCH - HQ - NY,23324,821.02,1500,-1000
04/02/2016 13:10,SCH - HQ_CEDARS,325274,0,199,-100
04/02/2016 13:10,SCH - HQ_IMPORT_EXPORT,325376,562,1310,-9999
04/02/2016 13:10,SCH - NE - NY,23318,-692.48,1400,-1600
04/02/2016 13:10,SCH - NPX_1385,325277,184,200,-200
04/02/2016 13:10,SCH - NPX_CSC,325154,330,330,-330
04/02/2016 13:10,SCH - OH - NY,23317,798.01,1100,-1900
04/02/2016 13:10,SCH - PJ - NY,23316,179.79,2600,-1300
04/02/2016 13:10,SCH - PJM_HTP,325905,0,0,0
04/02/2016 13:10,SCH - PJM_NEPTUNE,325305,660,660,-660
04/02/2016 13:10,SCH - PJM_VFT,325658,151.99,315,-315
04/02/2016 13:10,SPR/DUN-SOUTH,23320,2353.65,4600,-9999
04/02/2016 13:10,TOTAL EAST,23314,3744.91,6500,-9999
04/02/2016 13:10,UPNY CONED,23315,2188.33,4150,-9999
04/02/2016 13:10,WEST CENTRAL,23312,682.53,9999,-9999
04/02/2016 13:15,CENTRAL EAST - VC,23330,2325.9,2430,-9999
04/02/2016 13:15,DYSINGER EAST,23326,1095.33,3150,-9999
04/02/2016 13:15,MOSES SOUTH,23319,1337.16,2650,-1600
04/02/2016 13:15,SCH - HQ - NY,23324,821.03,1500,-1000
04/02/2016 13:15,SCH - HQ_CEDARS,325274,0,199,-100
04/02/2016 13:15,SCH - HQ_IMPORT_EXPORT,325376,562,1310,-9999
04/02/2016 13:15,SCH - NE - NY,23318,-673.41,1400,-1600
04/02/2016 13:15,SCH - NPX_1385,325277,184,200,-200
04/02/2016 13:15,SCH - NPX_CSC,325154,330,330,-330
04/02/2016 13:15,SCH - OH - NY,23317,798.24,1100,-1900
04/02/2016 13:15,SCH - PJ - NY,23316,170.85,2600,-1300
04/02/2016 13:15,SCH - PJM_HTP,325905,0,0,0
04/02/2016 13:15,SCH - PJM_NEPTUNE,325305,660,660,-660
04/02/2016 13:15,SCH - PJM_VFT,325658,151.98,315,-315
04/02/2016 13:15,SPR/DUN-SOUTH,23320,2377.18,4600,-9999
04/02/2016 13:15,TOTAL EAST,23314,3808.68,6500,-9999
04/02/2016 13:15,UPNY CONED,23315,2198.51,4150,-9999
04/02/2016 13:15,WEST CENTRAL,23312,717.89,9999,-9999
04/02/2016 13:20,CENTRAL EAST - VC,23330,2323.92,2430,-9999
04/02/2016 13:20,DYSINGER EAST,23326,1059.75,3150,-9999
04/02/2016 13:20,MOSES SOUTH,23319,1369.39,2650,-1600
04/02/2016 13:20,SCH - HQ - NY,23324,821.03,1500,-1000
04/02/2016 13:20,SCH - HQ_CEDARS,325274,0,199,-100
04/02/2016 13:20,SCH - HQ_IMPORT_EXPORT,325376,562,1310,-9999
04/02/2016 13:20,SCH - NE - NY,23318,-654.52,1400,-1600
04/02/2016 13:20,SCH - NPX_1385,325277,184,200,-200
04/02/2016 13:20,SCH - NPX_CSC,325154,330,330,-330
04/02/2016 13:20,SCH - OH - NY,23317,796.72,1100,-1900
04/02/2016 13:20,SCH - PJ - NY,23316,159.42,2600,-1300
04/02/2016 13:20,SCH - PJM_HTP,325905,0,0,0
04/02/2016 13:20,SCH - PJM_NEPTUNE,325305,659.99,660,-660
04/02/2016 13:20,SCH - PJM_VFT,325658,151.97,315,-315
04/02/2016 13:20,SPR/DUN-SOUTH,23320,2359.46,4600,-9999
04/02/2016 13:20,TOTAL EAST,23314,3787.7,6500,-9999
04/02/2016 13:20,UPNY CONED,23315,2221.7,4150,-9999
04/02/2016 13:20,WEST CENTRAL,23312,684.36,9999,-9999
04/02/2016 13:25,CENTRAL EAST - VC,23330,2317.6,2430,-9999
04/02/2016 13:25,DYSINGER EAST,23326,963.46,3150,-9999
04/02/2016 13:25,MOSES SOUTH,23319,1399.7,2650,-1600
04/02/2016 13:25,SCH - HQ - NY,23324,821.03,1500,-1000
04/02/2016 13:25,SCH - HQ_CEDARS,325274,0,199,-100
04/02/2016 13:25,SCH - HQ_IMPORT_EXPORT,325376,562,1310,-9999
04/02/2016 13:25,SCH - NE - NY,23318,-654.46,1400,-1600
04/02/2016 13:25,SCH - NPX_1385,325277,184,200,-200
04/02/2016 13:25,SCH - NPX_CSC,325154,330.01,330,-330
04/02/2016 13:25,SCH - OH - NY,23317,799.66,1100,-1900
04/02/2016 13:25,SCH - PJ - NY,23316,156.8,2600,-1300
04/02/2016 13:25,SCH - PJM_HTP,325905,0,0,0
04/02/2016 13:25,SCH - PJM_NEPTUNE,325305,659.99,660,-660
04/02/2016 13:25,SCH - PJM_VFT,325658,151.97,315,-315
04/02/2016 13:25,SPR/DUN-SOUTH,23320,2361.02,4600,-9999
04/02/2016 13:25,TOTAL EAST,23314,3734.08,6500,-9999
04/02/2016 13:25,UPNY CONED,23315,2230.57,4150,-9999
04/02/2016 13:25,WEST CENTRAL,23312,592.4,9999,-9999
04/02/2016 13:30,CENTRAL EAST - VC,23330,2327.08,2430,-9999
04/02/2016 13:30,DYSINGER EAST,23326,1034.5,3150,-9999
04/02/2016 13:30,MOSES SOUTH,23319,1369.81,2650,-1600
04/02/2016 13:30,SCH - HQ - NY,23324,821.04,1500,-1000
04/02/2016 13:30,SCH - HQ_CEDARS,325274,0,199,-100
04/02/2016 13:30,SCH - HQ_IMPORT_EXPORT,325376,562.03,1310,-9999
04/02/2016 13:30,SCH - NE - NY,23318,-592.57,1400,-1600
04/02/2016 13:30,SCH - NPX_1385,325277,184,200,-200
04/02/2016 13:30,SCH - NPX_CSC,325154,330,330,-330
04/02/2016 13:30,SCH - OH - NY,23317,799.58,1100,-1900
04/02/2016 13:30,SCH - PJ - NY,23316,104.09,2600,-1300
04/02/2016 13:30,SCH - PJM_HTP,325905,0,0,0
04/02/2016 13:30,SCH - PJM_NEPTUNE,325305,660,660,-660
04/02/2016 13:30,SCH - PJM_VFT,325658,151.99,315,-315
04/02/2016 13:30,SPR/DUN-SOUTH,23320,2426.44,4600,-9999
04/02/2016 13:30,TOTAL EAST,23314,3750.43,6500,-9999
04/02/2016 13:30,UPNY CONED,23315,2274.57,4150,-9999
04/02/2016 13:30,WEST CENTRAL,23312,661.81,9999,-9999
04/02/2016 13:35,CENTRAL EAST - VC,23330,2328.94,2430,-9999
04/02/2016 13:35,DYSINGER EAST,23326,1056.56,3150,-9999
04/02/2016 13:35,MOSES SOUTH,23319,1369.4,2650,-1600
04/02/2016 13:35,SCH - HQ - NY,23324,821,1500,-1000
04/02/2016 13:35,SCH - HQ_CEDARS,325274,0,199,-100
04/02/2016 13:35,SCH - HQ_IMPORT_EXPORT,325376,562,1310,-9999
04/02/2016 13:35,SCH - NE - NY,23318,-531.78,1400,-1600
04/02/2016 13:35,SCH - NPX_1385,325277,184,200,-200
04/02/2016 13:35,SCH - NPX_CSC,325154,330,330,-330
04/02/2016 13:35,SCH - OH - NY,23317,799.43,1100,-1900
04/02/2016 13:35,SCH - PJ - NY,23316,51.86,2600,-1300
04/02/2016 13:35,SCH - PJM_HTP,325905,0,0,0
04/02/2016 13:35,SCH - PJM_NEPTUNE,325305,660,660,-660
04/02/2016 13:35,SCH - PJM_VFT,325658,152,315,-315
04/02/2016 13:35,SPR/DUN-SOUTH,23320,2527.92,4600,-9999
04/02/2016 13:35,TOTAL EAST,23314,3813.05,6500,-9999
04/02/2016 13:35,UPNY CONED,23315,2365.61,4150,-9999
04/02/2016 13:35,WEST CENTRAL,23312,680.02,9999,-9999
04/02/2016 13:40,CENTRAL EAST - VC,23330,2325.12,2430,-9999
04/02/2016 13:40,DYSINGER EAST,23326,1071.89,3150,-9999
04/02/2016 13:40,MOSES SOUTH,23319,1370.91,2650,-1600
04/02/2016 13:40,SCH - HQ - NY,23324,821,1500,-1000
04/02/2016 13:40,SCH - HQ_CEDARS,325274,0,199,-100
04/02/2016 13:40,SCH - HQ_IMPORT_EXPORT,325376,562,1310,-9999
04/02/2016 13:40,SCH - NE - NY,23318,-531.77,1400,-1600
04/02/2016 13:40,SCH - NPX_1385,325277,184,200,-200
04/02/2016 13:40,SCH - NPX_CSC,325154,330,330,-330
04/02/2016 13:40,SCH - OH - NY,23317,799.61,1100,-1900
04/02/2016 13:40,SCH - PJ - NY,23316,50.25,2600,-1300
04/02/2016 13:40,SCH - PJM_HTP,325905,0,0,0
04/02/2016 13:40,SCH - PJM_NEPTUNE,325305,660,660,-660
04/02/2016 13:40,SCH - PJM_VFT,325658,152,315,-315
04/02/2016 13:40,SPR/DUN-SOUTH,23320,2560.04,4600,-9999
04/02/2016 13:40,TOTAL EAST,23314,3832.83,6500,-9999
04/02/2016 13:40,UPNY CONED,23315,2397.33,4150,-9999
04/02/2016 13:40,WEST CENTRAL,23312,695.12,9999,-9999
04/02/2016 13:45,CENTRAL EAST - VC,23330,2304.17,2430,-9999
04/02/2016 13:45,DYSINGER EAST,23326,966.67,3150,-9999
04/02/2016 13:45,MOSES SOUTH,23319,1428.35,2650,-1600
04/02/2016 13:45,SCH - HQ - NY,23324,821.01,1500,-1000
04/02/2016 13:45,SCH - HQ_CEDARS,325274,0,199,-100
04/02/2016 13:45,SCH - HQ_IMPORT_EXPORT,325376,562,1310,-9999
04/02/2016 13:45,SCH - NE - NY,23318,-631.54,1400,-1600
04/02/2016 13:45,SCH - NPX_1385,325277,184,200,-200
04/02/2016 13:45,SCH - NPX_CSC,325154,330,330,-330
04/02/2016 13:45,SCH - OH - NY,23317,795.04,1100,-1900
04/02/2016 13:45,SCH - PJ - NY,23316,87.31,2600,-1300
04/02/2016 13:45,SCH - PJM_HTP,325905,0,0,0
04/02/2016 13:45,SCH - PJM_NEPTUNE,325305,660,660,-660
04/02/2016 13:45,SCH - PJM_VFT,325658,151.99,315,-315
04/02/2016 13:45,SPR/DUN-SOUTH,23320,2416.19,4600,-9999
04/02/2016 13:45,TOTAL EAST,23314,3784.12,6500,-9999
04/02/2016 13:45,UPNY CONED,23315,2250.21,4150,-9999
04/02/2016 13:45,WEST CENTRAL,23312,593.67,9999,-9999
04/02/2016 13:50,CENTRAL EAST - VC,23330,2310.64,2430,-9999
04/02/2016 13:50,DYSINGER EAST,23326,965.73,3150,-9999
04/02/2016 13:50,MOSES SOUTH,23319,1398.34,2650,-1600
04/02/2016 13:50,SCH - HQ - NY,23324,821.01,1500,-1000
04/02/2016 13:50,SCH - HQ_CEDARS,325274,0,199,-100
04/02/2016 13:50,SCH - HQ_IMPORT_EXPORT,325376,562,1310,-9999
04/02/2016 13:50,SCH - NE - NY,23318,-731.79,1400,-1600
04/02/2016 13:50,SCH - NPX_1385,325277,184,200,-200
04/02/2016 13:50,SCH - NPX_CSC,325154,330,330,-330
04/02/2016 13:50,SCH - OH - NY,23317,799.63,1900,-1900
04/02/2016 13:50,SCH - PJ - NY,23316,111.8,2600,-1300
04/02/2016 13:50,SCH - PJM_HTP,325905,0,0,0
04/02/2016 13:50,SCH - PJM_NEPTUNE,325305,660,660,-660
04/02/2016 13:50,SCH - PJM_VFT,325658,151.99,315,-315
04/02/2016 13:50,SPR/DUN-SOUTH,23320,2337.33,4600,-9999
04/02/2016 13:50,TOTAL EAST,23314,3763.99,6500,-9999
04/02/2016 13:50,UPNY CONED,23315,2180.85,4150,-9999
04/02/2016 13:50,WEST CENTRAL,23312,595.92,9999,-9999
04/02/2016 13:55,CENTRAL EAST - VC,23330,2327.26,2430,-9999
04/02/2016 13:55,DYSINGER EAST,23326,1039,3150,-9999
04/02/2016 13:55,MOSES SOUTH,23319,1360.86,2650,-1600
04/02/2016 13:55,SCH - HQ - NY,23324,821.01,1500,-1000
04/02/2016 13:55,SCH - HQ_CEDARS,325274,0,199,-100
04/02/2016 13:55,SCH - HQ_IMPORT_EXPORT,325376,562,1310,-9999
04/02/2016 13:55,SCH - NE - NY,23318,-731.66,1400,-1600
04/02/2016 13:55,SCH - NPX_1385,325277,184,200,-200
04/02/2016 13:55,SCH - NPX_CSC,325154,330,330,-330
04/02/2016 13:55,SCH - OH - NY,23317,799.54,1900,-1900
04/02/2016 13:55,SCH - PJ - NY,23316,112.15,2600,-1300
04/02/2016 13:55,SCH - PJM_HTP,325905,0,0,0
04/02/2016 13:55,SCH - PJM_NEPTUNE,325305,660,660,-660
04/02/2016 13:55,SCH - PJM_VFT,325658,151.99,315,-315
04/02/2016 13:55,SPR/DUN-SOUTH,23320,2352.04,4600,-9999
04/02/2016 13:55,TOTAL EAST,23314,3816.94,6500,-9999
04/02/2016 13:55,UPNY CONED,23315,2209.13,4150,-9999
04/02/2016 13:55,WEST CENTRAL,23312,669.69,9999,-9999
04/02/2016 14:00,CENTRAL EAST - VC,23330,2329.08,2430,-9999
04/02/2016 14:00,DYSINGER EAST,23326,1034.99,3150,-9999
04/02/2016 14:00,MOSES SOUTH,23319,1308.53,2650,-1600
04/02/2016 14:00,SCH - HQ - NY,23324,817.01,1500,-1000
04/02/2016 14:00,SCH - HQ_CEDARS,325274,0,199,-100
04/02/2016 14:00,SCH - HQ_IMPORT_EXPORT,325376,558,1310,-9999
04/02/2016 14:00,SCH - NE - NY,23318,-710.94,1400,-1600
04/02/2016 14:00,SCH - NPX_1385,325277,169,200,-200
04/02/2016 14:00,SCH - NPX_CSC,325154,330,330,-330
04/02/2016 14:00,SCH - OH - NY,23317,796.37,1900,-1900
04/02/2016 14:00,SCH - PJ - NY,23316,87.22,2600,-1300
04/02/2016 14:00,SCH - PJM_HTP,325905,0,0,0
04/02/2016 14:00,SCH - PJM_NEPTUNE,325305,660,660,-660
04/02/2016 14:00,SCH - PJM_VFT,325658,151.99,315,-315
04/02/2016 14:00,SPR/DUN-SOUTH,23320,2363.49,4600,-9999
04/02/2016 14:00,TOTAL EAST,23314,3803.74,6500,-9999
04/02/2016 14:00,UPNY CONED,23315,2209.08,4150,-9999
04/02/2016 14:00,WEST CENTRAL,23312,664.5,9999,-9999
04/02/2016 14:05,CENTRAL EAST - VC,23330,2328.62,2430,-9999
04/02/2016 14:05,DYSINGER EAST,23326,1003.84,3150,-9999
04/02/2016 14:05,MOSES SOUTH,23319,1310.11,2650,-1600
04/02/2016 14:05,SCH - HQ - NY,23324,814.04,1500,-1000
04/02/2016 14:05,SCH - HQ_CEDARS,325274,0,199,-100
04/02/2016 14:05,SCH - HQ_IMPORT_EXPORT,325376,555,1310,-9999
04/02/2016 14:05,SCH - NE - NY,23318,-690.12,1400,-1600
04/02/2016 14:05,SCH - NPX_1385,325277,154,200,-200
04/02/2016 14:05,SCH - NPX_CSC,325154,330,330,-330
04/02/2016 14:05,SCH - OH - NY,23317,793.2,1900,-1900
04/02/2016 14:05,SCH - PJ - NY,23316,62.59,2600,-1300
04/02/2016 14:05,SCH - PJM_HTP,325905,0,0,0
04/02/2016 14:05,SCH - PJM_NEPTUNE,325305,659.99,660,-660
04/02/2016 14:05,SCH - PJM_VFT,325658,151.98,315,-315
04/02/2016 14:05,SPR/DUN-SOUTH,23320,2450.06,4600,-9999
04/02/2016 14:05,TOTAL EAST,23314,3812.74,6500,-9999
04/02/2016 14:05,UPNY CONED,23315,2323.1,4150,-9999
04/02/2016 14:05,WEST CENTRAL,23312,637.11,9999,-9999
04/02/2016 14:10,CENTRAL EAST - VC,23330,2319.35,2430,-9999
04/02/2016 14:10,DYSINGER EAST,23326,950.29,3150,-9999
04/02/2016 14:10,MOSES SOUTH,23319,1251.83,2650,-1600
04/02/2016 14:10,SCH - HQ - NY,23324,814.01,1500,-1000
04/02/2016 14:10,SCH - HQ_CEDARS,325274,0,199,-100
04/02/2016 14:10,SCH - HQ_IMPORT_EXPORT,325376,555,1310,-9999
04/02/2016 14:10,SCH - NE - NY,23318,-690.31,1400,-1600
04/02/2016 14:10,SCH - NPX_1385,325277,154,200,-200
04/02/2016 14:10,SCH - NPX_CSC,325154,330,330,-330
04/02/2016 14:10,SCH - OH - NY,23317,793.08,1900,-1900
04/02/2016 14:10,SCH - PJ - NY,23316,59.9,2600,-1300
04/02/2016 14:10,SCH - PJM_HTP,325905,0,0,0
04/02/2016 14:10,SCH - PJM_NEPTUNE,325305,660,660,-660
04/02/2016 14:10,SCH - PJM_VFT,325658,151.99,315,-315
04/02/2016 14:10,SPR/DUN-SOUTH,23320,2432.08,4600,-9999
04/02/2016 14:10,TOTAL EAST,23314,3779,6500,-9999
04/02/2016 14:10,UPNY CONED,23315,2321.97,4150,-9999
04/02/2016 14:10,WEST CENTRAL,23312,588.88,9999,-9999
04/02/2016 14:15,CENTRAL EAST - VC,23330,2321.2,2430,-9999
04/02/2016 14:15,DYSINGER EAST,23326,869.79,3150,-9999
04/02/2016 14:15,MOSES SOUTH,23319,1294.46,2650,-1600
04/02/2016 14:15,SCH - HQ - NY,23324,814.01,1500,-1000
04/02/2016 14:15,SCH - HQ_CEDARS,325274,0,199,-100
04/02/2016 14:15,SCH - HQ_IMPORT_EXPORT,325376,555,1310,-9999
04/02/2016 14:15,SCH - NE - NY,23318,-742.76,1400,-1600
04/02/2016 14:15,SCH - NPX_1385,325277,154,200,-200
04/02/2016 14:15,SCH - NPX_CSC,325154,330,330,-330
04/02/2016 14:15,SCH - OH - NY,23317,793.05,1900,-1900
04/02/2016 14:15,SCH - PJ - NY,23316,60.35,2600,-1300
04/02/2016 14:15,SCH - PJM_HTP,325905,0,0,0
04/02/2016 14:15,SCH - PJM_NEPTUNE,325305,660,660,-660
04/02/2016 14:15,SCH - PJM_VFT,325658,151.98,315,-315
04/02/2016 14:15,SPR/DUN-SOUTH,23320,2435.46,4600,-9999
04/02/2016 14:15,TOTAL EAST,23314,3671.98,6500,-9999
04/02/2016 14:15,UPNY CONED,23315,2280.62,4150,-9999
04/02/2016 14:15,WEST CENTRAL,23312,517.89,9999,-9999
04/02/2016 14:20,CENTRAL EAST - VC,23330,2323.07,2430,-9999
04/02/2016 14:20,DYSINGER EAST,23326,966.32,3150,-9999
04/02/2016 14:20,MOSES SOUTH,23319,1282.96,2650,-1600
04/02/2016 14:20,SCH - HQ - NY,23324,814.02,1500,-1000
04/02/2016 14:20,SCH - HQ_CEDARS,325274,0,199,-100
04/02/2016 14:20,SCH - HQ_IMPORT_EXPORT,325376,555,1310,-9999
04/02/2016 14:20,SCH - NE - NY,23318,-795.46,1400,-1600
04/02/2016 14:20,SCH - NPX_1385,325277,154,200,-200
04/02/2016 14:20,SCH - NPX_CSC,325154,330.01,330,-330
04/02/2016 14:20,SCH - OH - NY,23317,792.57,1900,-1900
04/02/2016 14:20,SCH - PJ - NY,23316,58.7,2600,-1300
04/02/2016 14:20,SCH - PJM_HTP,325905,0,0,0
04/02/2016 14:20,SCH - PJM_NEPTUNE,325305,659.99,660,-660
04/02/2016 14:20,SCH - PJM_VFT,325658,151.98,315,-315
04/02/2016 14:20,SPR/DUN-SOUTH,23320,2385.16,4600,-9999
04/02/2016 14:20,TOTAL EAST,23314,3777.4,6500,-9999
04/02/2016 14:20,UPNY CONED,23315,2264.14,4150,-9999
04/02/2016 14:20,WEST CENTRAL,23312,612.75,9999,-9999
04/02/2016 14:25,CENTRAL EAST - VC,23330,2320.63,2430,-9999
04/02/2016 14:25,DYSINGER EAST,23326,907.58,3150,-9999
04/02/2016 14:25,MOSES SOUTH,23319,1390.8,2650,-1600
04/02/2016 14:25,SCH - HQ - NY,23324,814.02,1500,-1000
04/02/2016 14:25,SCH - HQ_CEDARS,325274,0,199,-100
04/02/2016 14:25,SCH - HQ_IMPORT_EXPORT,325376,555,1310,-9999
04/02/2016 14:25,SCH - NE - NY,23318,-795.37,1400,-1600
04/02/2016 14:25,SCH - NPX_1385,325277,154,200,-200
04/02/2016 14:25,SCH - NPX_CSC,325154,330.01,330,-330
04/02/2016 14:25,SCH - OH - NY,23317,792.89,1900,-1900
04/02/2016 14:25,SCH - PJ - NY,23316,57.88,2600,-1300
04/02/2016 14:25,SCH - PJM_HTP,325905,0,0,0
04/02/2016 14:25,SCH - PJM_NEPTUNE,325305,659.99,660,-660
04/02/2016 14:25,SCH - PJM_VFT,325658,151.98,315,-315
04/02/2016 14:25,SPR/DUN-SOUTH,23320,2379.23,4600,-9999
04/02/2016 14:25,TOTAL EAST,23314,3740.68,6500,-9999
04/02/2016 14:25,UPNY CONED,23315,2249.13,4150,-9999
04/02/2016 14:25,WEST CENTRAL,23312,554.18,9999,-9999
04/02/2016 14:30,CENTRAL EAST - VC,23330,2318.52,2430,-9999
04/02/2016 14:30,DYSINGER EAST,23326,906.07,3150,-9999
04/02/2016 14:30,MOSES SOUTH,23319,1439.72,2650,-1600
04/02/2016 14:30,SCH - HQ - NY,23324,814.01,1500,-1000
04/02/2016 14:30,SCH - HQ_CEDARS,325274,0,199,-100
04/02/2016 14:30,SCH - HQ_IMPORT_EXPORT,325376,555,1310,-9999
04/02/2016 14:30,SCH - NE - NY,23318,-822.32,1400,-1600
04/02/2016 14:30,SCH - NPX_1385,325277,154,200,-200
04/02/2016 14:30,SCH - NPX_CSC,325154,330,330,-330
04/02/2016 14:30,SCH - OH - NY,23317,793.1,1900,-1900
04/02/2016 14:30,SCH - PJ - NY,23316,77.91,2600,-1300
04/02/2016 14:30,SCH - PJM_HTP,325905,0,0,0
04/02/2016 14:30,SCH - PJM_NEPTUNE,325305,660,660,-660
04/02/2016 14:30,SCH - PJM_VFT,325658,151.99,315,-315
04/02/2016 14:30,SPR/DUN-SOUTH,23320,2353.24,4600,-9999
04/02/2016 14:30,TOTAL EAST,23314,3703.92,6500,-9999
04/02/2016 14:30,UPNY CONED,23315,2198.46,4150,-9999
04/02/2016 14:30,WEST CENTRAL,23312,553.87,9999,-9999
04/02/2016 14:35,CENTRAL EAST - VC,23330,2319.85,2430,-9999
04/02/2016 14:35,DYSINGER EAST,23326,826.92,3150,-9999
04/02/2016 14:35,MOSES SOUTH,23319,1511.29,2650,-1600
04/02/2016 14:35,SCH - HQ - NY,23324,814.02,1500,-1000
04/02/2016 14:35,SCH - HQ_CEDARS,325274,0,199,-100
04/02/2016 14:35,SCH - HQ_IMPORT_EXPORT,325376,555,1310,-9999
04/02/2016 14:35,SCH - NE - NY,23318,-849.13,1400,-1600
04/02/2016 14:35,SCH - NPX_1385,325277,154,200,-200
04/02/2016 14:35,SCH - NPX_CSC,325154,330,330,-330
04/02/2016 14:35,SCH - OH - NY,23317,789.66,1900,-1900
04/02/2016 14:35,SCH - PJ - NY,23316,102.06,2600,-1300
04/02/2016 14:35,SCH - PJM_HTP,325905,0,0,0
04/02/2016 14:35,SCH - PJM_NEPTUNE,325305,659.99,660,-660
04/02/2016 14:35,SCH - PJM_VFT,325658,151.98,315,-315
04/02/2016 14:35,SPR/DUN-SOUTH,23320,2377.16,4600,-9999
04/02/2016 14:35,TOTAL EAST,23314,3684.16,6500,-9999
04/02/2016 14:35,UPNY CONED,23315,2162.39,4150,-9999
04/02/2016 14:35,WEST CENTRAL,23312,467.75,9999,-9999
04/02/2016 14:40,CENTRAL EAST - VC,23330,2322.24,2430,-9999
04/02/2016 14:40,DYSINGER EAST,23326,746.21,3150,-9999
04/02/2016 14:40,MOSES SOUTH,23319,1503.51,2650,-1600
04/02/2016 14:40,SCH - HQ - NY,23324,814.01,1500,-1000
04/02/2016 14:40,SCH - HQ_CEDARS,325274,0,199,-100
04/02/2016 14:40,SCH - HQ_IMPORT_EXPORT,325376,555,1310,-9999
04/02/2016 14:40,SCH - NE - NY,23318,-849.15,1400,-1600
04/02/2016 14:40,SCH - NPX_1385,325277,154,200,-200
04/02/2016 14:40,SCH - NPX_CSC,325154,330,330,-330
04/02/2016 14:40,SCH - OH - NY,23317,793.31,1900,-1900
04/02/2016 14:40,SCH - PJ - NY,23316,96.62,2600,-1300
04/02/2016 14:40,SCH - PJM_HTP,325905,0,0,0
04/02/2016 14:40,SCH - PJM_NEPTUNE,325305,660,660,-660
04/02/2016 14:40,SCH - PJM_VFT,325658,151.99,315,-315
04/02/2016 14:40,SPR/DUN-SOUTH,23320,2347.63,4600,-9999
04/02/2016 14:40,TOTAL EAST,23314,3653.78,6500,-9999
04/02/2016 14:40,UPNY CONED,23315,2137.96,4150,-9999
04/02/2016 14:40,WEST CENTRAL,23312,384.1,9999,-9999
04/02/2016 14:45,CENTRAL EAST - VC,23330,2329.31,2430,-9999
04/02/2016 14:45,DYSINGER EAST,23326,864.01,3150,-9999
04/02/2016 14:45,MOSES SOUTH,23319,1386.1,2650,-1600
04/02/2016 14:45,SCH - HQ - NY,23324,814.02,1500,-1000
04/02/2016 14:45,SCH - HQ_CEDARS,325274,0,199,-100
04/02/2016 14:45,SCH - HQ_IMPORT_EXPORT,325376,555,1310,-9999
04/02/2016 14:45,SCH - NE - NY,23318,-902.07,1400,-1600
04/02/2016 14:45,SCH - NPX_1385,325277,154,200,-200
04/02/2016 14:45,SCH - NPX_CSC,325154,330,330,-330
04/02/2016 14:45,SCH - OH - NY,23317,791.47,1900,-1900
04/02/2016 14:45,SCH - PJ - NY,23316,90.05,2600,-1300
04/02/2016 14:45,SCH - PJM_HTP,325905,0,0,0
04/02/2016 14:45,SCH - PJM_NEPTUNE,325305,660,660,-660
04/02/2016 14:45,SCH - PJM_VFT,325658,151.99,315,-315
04/02/2016 14:45,SPR/DUN-SOUTH,23320,2203.6,4600,-9999
04/02/2016 14:45,TOTAL EAST,23314,3644.13,6500,-9999
04/02/2016 14:45,UPNY CONED,23315,2049.86,4150,-9999
04/02/2016 14:45,WEST CENTRAL,23312,502.29,9999,-9999
04/02/2016 14:50,CENTRAL EAST - VC,23330,2328.02,2430,-9999
04/02/2016 14:50,DYSINGER EAST,23326,928.94,3150,-9999
04/02/2016 14:50,MOSES SOUTH,23319,1314.16,2650,-1600
04/02/2016 14:50,SCH - HQ - NY,23324,814.02,1500,-1000
04/02/2016 14:50,SCH - HQ_CEDARS,325274,0,199,-100
04/02/2016 14:50,SCH - HQ_IMPORT_EXPORT,325376,555,1310,-9999
04/02/2016 14:50,SCH - NE - NY,23318,-954.81,1400,-1600
04/02/2016 14:50,SCH - NPX_1385,325277,154,200,-200
04/02/2016 14:50,SCH - NPX_CSC,325154,330.01,330,-330
04/02/2016 14:50,SCH - OH - NY,23317,789.4,1900,-1900
04/02/2016 14:50,SCH - PJ - NY,23316,83.69,2600,-1300
04/02/2016 14:50,SCH - PJM_HTP,325905,0,0,0
04/02/2016 14:50,SCH - PJM_NEPTUNE,325305,659.99,660,-660
04/02/2016 14:50,SCH - PJM_VFT,325658,151.98,315,-315
04/02/2016 14:50,SPR/DUN-SOUTH,23320,2120.08,4600,-9999
04/02/2016 14:50,TOTAL EAST,23314,3668.27,6500,-9999
04/02/2016 14:50,UPNY CONED,23315,1962.34,4150,-9999
04/02/2016 14:50,WEST CENTRAL,23312,565.69,9999,-9999
04/02/2016 14:55,CENTRAL EAST - VC,23330,2290.32,2400,-9999
04/02/2016 14:55,DYSINGER EAST,23326,922.34,3150,-9999
04/02/2016 14:55,MOSES SOUTH,23319,1292.42,2650,-1600
04/02/2016 14:55,SCH - HQ - NY,23324,814,1500,-1000
04/02/2016 14:55,SCH - HQ_CEDARS,325274,0,199,-100
04/02/2016 14:55,SCH - HQ_IMPORT_EXPORT,325376,555,1310,-9999
04/02/2016 14:55,SCH - NE - NY,23318,-954.76,1400,-1600
04/02/2016 14:55,SCH - NPX_1385,325277,154,200,-200
04/02/2016 14:55,SCH - NPX_CSC,325154,330,330,-330
04/02/2016 14:55,SCH - OH - NY,23317,796.08,1900,-1900
04/02/2016 14:55,SCH - PJ - NY,23316,75.64,2600,-1300
04/02/2016 14:55,SCH - PJM_HTP,325905,0,0,0
04/02/2016 14:55,SCH - PJM_NEPTUNE,325305,660,660,-660
04/02/2016 14:55,SCH - PJM_VFT,325658,152,315,-315
04/02/2016 14:55,SPR/DUN-SOUTH,23320,2067.67,4600,-9999
04/02/2016 14:55,TOTAL EAST,23314,3586.47,6500,-9999
04/02/2016 14:55,UPNY CONED,23315,1915.69,4150,-9999
04/02/2016 14:55,WEST CENTRAL,23312,564.18,9999,-9999
04/02/2016 15:00,CENTRAL EAST - VC,23330,2299.19,2400,-9999
04/02/2016 15:00,DYSINGER EAST,23326,921.2,3150,-9999
04/02/2016 15:00,MOSES SOUTH,23319,1282.36,2650,-1600
04/02/2016 15:00,SCH - HQ - NY,23324,814,1500,-1000
04/02/2016 15:00,SCH - HQ_CEDARS,325274,0,199,-100
04/02/2016 15:00,SCH - HQ_IMPORT_EXPORT,325376,555,1310,-9999
04/02/2016 15:00,SCH - NE - NY,23318,-952.65,1400,-1600
04/02/2016 15:00,SCH - NPX_1385,325277,129,200,-200
04/02/2016 15:00,SCH - NPX_CSC,325154,330,330,-330
04/02/2016 15:00,SCH - OH - NY,23317,799.05,1900,-1900
04/02/2016 15:00,SCH - PJ - NY,23316,22,2600,-1300
04/02/2016 15:00,SCH - PJM_HTP,325905,0,0,0
04/02/2016 15:00,SCH - PJM_NEPTUNE,325305,660,660,-660
04/02/2016 15:00,SCH - PJM_VFT,325658,152,315,-315
04/02/2016 15:00,SPR/DUN-SOUTH,23320,2001.4,4600,-9999
04/02/2016 15:00,TOTAL EAST,23314,3533.57,6500,-9999
04/02/2016 15:00,UPNY CONED,23315,1894.01,4150,-9999
04/02/2016 15:00,WEST CENTRAL,23312,568.12,9999,-9999
04/02/2016 15:05,CENTRAL EAST - VC,23330,2298.98,2400,-9999
04/02/2016 15:05,DYSINGER EAST,23326,894.57,3150,-9999
04/02/2016 15:05,MOSES SOUTH,23319,1311.57,2650,-1600
04/02/2016 15:05,SCH - HQ - NY,23324,814,1500,-1000
04/02/2016 15:05,SCH - HQ_CEDARS,325274,0,199,-100
04/02/2016 15:05,SCH - HQ_IMPORT_EXPORT,325376,555,1310,-9999
04/02/2016 15:05,SCH - NE - NY,23318,-951.8,1400,-1600
04/02/2016 15:05,SCH - NPX_1385,325277,105,200,-200
04/02/2016 15:05,SCH - NPX_CSC,325154,330,330,-330
04/02/2016 15:05,SCH - OH - NY,23317,802.13,1900,-1900
04/02/2016 15:05,SCH - PJ - NY,23316,-30.33,2600,-1300
04/02/2016 15:05,SCH - PJM_HTP,325905,0,0,0
04/02/2016 15:05,SCH - PJM_NEPTUNE,325305,660,660,-660
04/02/2016 15:05,SCH - PJM_VFT,325658,152,315,-315
04/02/2016 15:05,SPR/DUN-SOUTH,23320,1992.37,4600,-9999
04/02/2016 15:05,TOTAL EAST,23314,3483.53,6500,-9999
04/02/2016 15:05,UPNY CONED,23315,1881.36,4150,-9999
04/02/2016 15:05,WEST CENTRAL,23312,544.25,9999,-9999
04/02/2016 15:10,CENTRAL EAST - VC,23330,2295.14,2400,-9999
04/02/2016 15:10,DYSINGER EAST,23326,912.79,3150,-9999
04/02/2016 15:10,MOSES SOUTH,23319,1309.65,2650,-1600
04/02/2016 15:10,SCH - HQ - NY,23324,814,1500,-1000
04/02/2016 15:10,SCH - HQ_CEDARS,325274,0,199,-100
04/02/2016 15:10,SCH - HQ_IMPORT_EXPORT,325376,555,1310,-9999
04/02/2016 15:10,SCH - NE - NY,23318,-951.65,1400,-1600
04/02/2016 15:10,SCH - NPX_1385,325277,105,200,-200
04/02/2016 15:10,SCH - NPX_CSC,325154,330,330,-330
04/02/2016 15:10,SCH - OH - NY,23317,802.43,1900,-1900
04/02/2016 15:10,SCH - PJ - NY,23316,-31.25,2600,-1300
04/02/2016 15:10,SCH - PJM_HTP,325905,0,0,0
04/02/2016 15:10,SCH - PJM_NEPTUNE,325305,660,660,-660
04/02/2016 15:10,SCH - PJM_VFT,325658,152,315,-315
04/02/2016 15:10,SPR/DUN-SOUTH,23320,2007.82,4600,-9999
04/02/2016 15:10,TOTAL EAST,23314,3440.84,6500,-9999
04/02/2016 15:10,UPNY CONED,23315,1905.07,4150,-9999
04/02/2016 15:10,WEST CENTRAL,23312,562.47,9999,-9999
04/02/2016 15:15,CENTRAL EAST - VC,23330,2298.77,2400,-9999
04/02/2016 15:15,DYSINGER EAST,23326,994.42,3150,-9999
04/02/2016 15:15,MOSES SOUTH,23319,1309.7,2650,-1600
04/02/2016 15:15,SCH - HQ - NY,23324,814,1500,-1000
04/02/2016 15:15,SCH - HQ_CEDARS,325274,0,199,-100
04/02/2016 15:15,SCH - HQ_IMPORT_EXPORT,325376,555,1310,-9999
04/02/2016 15:15,SCH - NE - NY,23318,-892.02,1400,-1600
04/02/2016 15:15,SCH - NPX_1385,325277,105,200,-200
04/02/2016 15:15,SCH - NPX_CSC,325154,330,330,-330
04/02/2016 15:15,SCH - OH - NY,23317,802.66,1900,-1900
04/02/2016 15:15,SCH - PJ - NY,23316,-121.68,2600,-1300
04/02/2016 15:15,SCH - PJM_HTP,325905,0,0,0
04/02/2016 15:15,SCH - PJM_NEPTUNE,325305,660,660,-660
04/02/2016 15:15,SCH - PJM_VFT,325658,152,315,-315
04/02/2016 15:15,SPR/DUN-SOUTH,23320,2000.58,4600,-9999
04/02/2016 15:15,TOTAL EAST,23314,3386.91,6500,-9999
04/02/2016 15:15,UPNY CONED,23315,1915.91,4150,-9999
04/02/2016 15:15,WEST CENTRAL,23312,639.75,9999,-9999
04/02/2016 15:20,CENTRAL EAST - VC,23330,2302.06,2400,-9999
04/02/2016 15:20,DYSINGER EAST,23326,1096.82,3150,-9999
04/02/2016 15:20,MOSES SOUTH,23319,1289.38,2650,-1600
04/02/2016 15:20,SCH - HQ - NY,23324,814,1500,-1000
04/02/2016 15:20,SCH - HQ_CEDARS,325274,0,199,-100
04/02/2016 15:20,SCH - HQ_IMPORT_EXPORT,325376,555,1310,-9999
04/02/2016 15:20,SCH - NE - NY,23318,-833.21,1400,-1600
04/02/2016 15:20,SCH - NPX_1385,325277,105,200,-200
04/02/2016 15:20,SCH - NPX_CSC,325154,330,330,-330
04/02/2016 15:20,SCH - OH - NY,23317,802.3,1900,-1900
04/02/2016 15:20,SCH - PJ - NY,23316,-206.96,2600,-1300
04/02/2016 15:20,SCH - PJM_HTP,325905,0,0,0
04/02/2016 15:20,SCH - PJM_NEPTUNE,325305,660,660,-660
04/02/2016 15:20,SCH - PJM_VFT,325658,152,315,-315
04/02/2016 15:20,SPR/DUN-SOUTH,23320,2028.49,4600,-9999
04/02/2016 15:20,TOTAL EAST,23314,3373.86,6500,-9999
04/02/2016 15:20,UPNY CONED,23315,1969.42,4150,-9999
04/02/2016 15:20,WEST CENTRAL,23312,735.01,9999,-9999
04/02/2016 15:25,CENTRAL EAST - VC,23330,2299.92,2400,-9999
04/02/2016 15:25,DYSINGER EAST,23326,1156.95,3150,-9999
04/02/2016 15:25,MOSES SOUTH,23319,1304.01,2650,-1600
04/02/2016 15:25,SCH - HQ - NY,23324,814,1500,-1000
04/02/2016 15:25,SCH - HQ_CEDARS,325274,0,199,-100
04/02/2016 15:25,SCH - HQ_IMPORT_EXPORT,325376,555,1310,-9999
04/02/2016 15:25,SCH - NE - NY,23318,-833.81,1400,-1600
04/02/2016 15:25,SCH - NPX_1385,325277,105,200,-200
04/02/2016 15:25,SCH - NPX_CSC,325154,330,330,-330
04/02/2016 15:25,SCH - OH - NY,23317,802.38,1900,-1900
04/02/2016 15:25,SCH - PJ - NY,23316,-209.08,2600,-1300
04/02/2016 15:25,SCH - PJM_HTP,325905,0,0,0
04/02/2016 15:25,SCH - PJM_NEPTUNE,325305,660,660,-660
04/02/2016 15:25,SCH - PJM_VFT,325658,152,315,-315
04/02/2016 15:25,SPR/DUN-SOUTH,23320,2053.42,4600,-9999
04/02/2016 15:25,TOTAL EAST,23314,3458.18,6500,-9999
04/02/2016 15:25,UPNY CONED,23315,1987,4150,-9999
04/02/2016 15:25,WEST CENTRAL,23312,792.79,9999,-9999
04/02/2016 15:30,CENTRAL EAST - VC,23330,2300.3,2400,-9999
04/02/2016 15:30,DYSINGER EAST,23326,1116.48,3150,-9999
04/02/2016 15:30,MOSES SOUTH,23319,1295.32,2650,-1600
04/02/2016 15:30,SCH - HQ - NY,23324,814,1500,-1000
04/02/2016 15:30,SCH - HQ_CEDARS,325274,0,199,-100
04/02/2016 15:30,SCH - HQ_IMPORT_EXPORT,325376,555,1310,-9999
04/02/2016 15:30,SCH - NE - NY,23318,-812.49,1400,-1600
04/02/2016 15:30,SCH - NPX_1385,325277,105,200,-200
04/02/2016 15:30,SCH - NPX_CSC,325154,330,330,-330
04/02/2016 15:30,SCH - OH - NY,23317,802.34,1900,-1900
04/02/2016 15:30,SCH - PJ - NY,23316,-222.23,2600,-1300
04/02/2016 15:30,SCH - PJM_HTP,325905,0,0,0
04/02/2016 15:30,SCH - PJM_NEPTUNE,325305,660,660,-660
04/02/2016 15:30,SCH - PJM_VFT,325658,152,315,-315
04/02/2016 15:30,SPR/DUN-SOUTH,23320,2082.74,4600,-9999
04/02/2016 15:30,TOTAL EAST,23314,3419.93,6500,-9999
04/02/2016 15:30,UPNY CONED,23315,2009.92,4150,-9999
04/02/2016 15:30,WEST CENTRAL,23312,755.52,9999,-9999
04/02/2016 15:35,CENTRAL EAST - VC,23330,2295.36,2400,-9999
04/02/2016 15:35,DYSINGER EAST,23326,1048.59,3150,-9999
04/02/2016 15:35,MOSES SOUTH,23319,1307.94,2650,-1600
04/02/2016 15:35,SCH - HQ - NY,23324,814,1500,-1000
04/02/2016 15:35,SCH - HQ_CEDARS,325274,0,199,-100
04/02/2016 15:35,SCH - HQ_IMPORT_EXPORT,325376,555,1310,-9999
04/02/2016 15:35,SCH - NE - NY,23318,-792.34,1400,-1600
04/02/2016 15:35,SCH - NPX_1385,325277,105,200,-200
04/02/2016 15:35,SCH - NPX_CSC,325154,330,330,-330
04/02/2016 15:35,SCH - OH - NY,23317,801.95,1900,-1900
04/02/2016 15:35,SCH - PJ - NY,23316,-233.12,2600,-1300
04/02/2016 15:35,SCH - PJM_HTP,325905,0,0,0
04/02/2016 15:35,SCH - PJM_NEPTUNE,325305,660,660,-660
04/02/2016 15:35,SCH - PJM_VFT,325658,152,315,-315
04/02/2016 15:35,SPR/DUN-SOUTH,23320,2035.25,4600,-9999
04/02/2016 15:35,TOTAL EAST,23314,3358.31,6500,-9999
04/02/2016 15:35,UPNY CONED,23315,1948.02,4150,-9999
04/02/2016 15:35,WEST CENTRAL,23312,692.29,9999,-9999
04/02/2016 15:40,CENTRAL EAST - VC,23330,2295.27,2400,-9999
04/02/2016 15:40,DYSINGER EAST,23326,1071.49,3150,-9999
04/02/2016 15:40,MOSES SOUTH,23319,1314.89,2650,-1600
04/02/2016 15:40,SCH - HQ - NY,23324,814,1500,-1000
04/02/2016 15:40,SCH - HQ_CEDARS,325274,0,199,-100
04/02/2016 15:40,SCH - HQ_IMPORT_EXPORT,325376,555,1310,-9999
04/02/2016 15:40,SCH - NE - NY,23318,-792.42,1400,-1600
04/02/2016 15:40,SCH - NPX_1385,325277,105,200,-200
04/02/2016 15:40,SCH - NPX_CSC,325154,330,330,-330
04/02/2016 15:40,SCH - OH - NY,23317,802.23,1900,-1900
04/02/2016 15:40,SCH - PJ - NY,23316,-232.85,2600,-1300
04/02/2016 15:40,SCH - PJM_HTP,325905,0,0,0
04/02/2016 15:40,SCH - PJM_NEPTUNE,325305,660,660,-660
04/02/2016 15:40,SCH - PJM_VFT,325658,152,315,-315
04/02/2016 15:40,SPR/DUN-SOUTH,23320,2063.5,4600,-9999
04/02/2016 15:40,TOTAL EAST,23314,3377.61,6500,-9999
04/02/2016 15:40,UPNY CONED,23315,1969.36,4150,-9999
04/02/2016 15:40,WEST CENTRAL,23312,716.92,9999,-9999
04/02/2016 15:45,CENTRAL EAST - VC,23330,2299.67,2400,-9999
04/02/2016 15:45,DYSINGER EAST,23326,1001.05,3150,-9999
04/02/2016 15:45,MOSES SOUTH,23319,1314.67,2650,-1600
04/02/2016 15:45,SCH - HQ - NY,23324,814,1500,-1000
04/02/2016 15:45,SCH - HQ_CEDARS,325274,0,199,-100
04/02/2016 15:45,SCH - HQ_IMPORT_EXPORT,325376,555,1310,-9999
04/02/2016 15:45,SCH - NE - NY,23318,-891.8,1400,-1600
04/02/2016 15:45,SCH - NPX_1385,325277,105,200,-200
04/02/2016 15:45,SCH - NPX_CSC,325154,330,330,-330
04/02/2016 15:45,SCH - OH - NY,23317,802.43,1900,-1900
04/02/2016 15:45,SCH - PJ - NY,23316,-162.06,2600,-1300
04/02/2016 15:45,SCH - PJM_HTP,325905,0,0,0
04/02/2016 15:45,SCH - PJM_NEPTUNE,325305,660,660,-660
04/02/2016 15:45,SCH - PJM_VFT,325658,152,315,-315
04/02/2016 15:45,SPR/DUN-SOUTH,23320,2061.07,4600,-9999
04/02/2016 15:45,TOTAL EAST,23314,3317,6500,-9999
04/02/2016 15:45,UPNY CONED,23315,1911.57,4150,-9999
04/02/2016 15:45,WEST CENTRAL,23312,647.13,9999,-9999
04/02/2016 15:50,CENTRAL EAST - VC,23330,2300.78,2400,-9999
04/02/2016 15:50,DYSINGER EAST,23326,1032.51,3150,-9999
04/02/2016 15:50,MOSES SOUTH,23319,1315.25,2650,-1600
04/02/2016 15:50,SCH - HQ - NY,23324,814,1500,-1000
04/02/2016 15:50,SCH - HQ_CEDARS,325274,0,199,-100
04/02/2016 15:50,SCH - HQ_IMPORT_EXPORT,325376,555,1310,-9999
04/02/2016 15:50,SCH - NE - NY,23318,-991.01,1400,-1600
04/02/2016 15:50,SCH - NPX_1385,325277,105,200,-200
04/02/2016 15:50,SCH - NPX_CSC,325154,330,330,-330
04/02/2016 15:50,SCH - OH - NY,23317,802.02,1900,-1900
04/02/2016 15:50,SCH - PJ - NY,23316,-90.16,2600,-1300
04/02/2016 15:50,SCH - PJM_HTP,325905,0,0,0
04/02/2016 15:50,SCH - PJM_NEPTUNE,325305,660,660,-660
04/02/2016 15:50,SCH - PJM_VFT,325658,152,315,-315
04/02/2016 15:50,SPR/DUN-SOUTH,23320,1994.22,4600,-9999
04/02/2016 15:50,TOTAL EAST,23314,3437.73,6500,-9999
04/02/2016 15:50,UPNY CONED,23315,1843.55,4150,-9999
04/02/2016 15:50,WEST CENTRAL,23312,675.99,9999,-9999
04/02/2016 15:55,CENTRAL EAST - VC,23330,2296.19,2400,-9999
04/02/2016 15:55,DYSINGER EAST,23326,1014.21,3150,-9999
04/02/2016 15:55,MOSES SOUTH,23319,1321.85,2650,-1600
04/02/2016 15:55,SCH - HQ - NY,23324,814,1500,-1000
04/02/2016 15:55,SCH - HQ_CEDARS,325274,0,199,-100
04/02/2016 15:55,SCH - HQ_IMPORT_EXPORT,325376,555,1310,-9999
04/02/2016 15:55,SCH - NE - NY,23318,-991.24,1400,-1600
04/02/2016 15:55,SCH - NPX_1385,325277,105,200,-200
04/02/2016 15:55,SCH - NPX_CSC,325154,330,330,-330
04/02/2016 15:55,SCH - OH - NY,23317,802.31,1900,-1900
04/02/2016 15:55,SCH - PJ - NY,23316,-92.82,2600,-1300
04/02/2016 15:55,SCH - PJM_HTP,325905,0,0,0
04/02/2016 15:55,SCH - PJM_NEPTUNE,325305,660,660,-660
04/02/2016 15:55,SCH - PJM_VFT,325658,152,315,-315
04/02/2016 15:55,SPR/DUN-SOUTH,23320,1997,4600,-9999
04/02/2016 15:55,TOTAL EAST,23314,3373.71,6500,-9999
04/02/2016 15:55,UPNY CONED,23315,1811.38,4150,-9999
04/02/2016 15:55,WEST CENTRAL,23312,655.01,9999,-9999
04/02/2016 16:00,CENTRAL EAST - VC,23330,2298.77,2400,-9999
04/02/2016 16:00,DYSINGER EAST,23326,1107.36,3150,-9999
04/02/2016 16:00,MOSES SOUTH,23319,1306.49,2650,-1600
04/02/2016 16:00,SCH - HQ - NY,23324,814,1500,-1000
04/02/2016 16:00,SCH - HQ_CEDARS,325274,0,199,-100
04/02/2016 16:00,SCH - HQ_IMPORT_EXPORT,325376,555,1310,-9999
04/02/2016 16:00,SCH - NE - NY,23318,-903.99,1400,-1600
04/02/2016 16:00,SCH - NPX_1385,325277,114,200,-200
04/02/2016 16:00,SCH - NPX_CSC,325154,330,330,-330
04/02/2016 16:00,SCH - OH - NY,23317,852.41,1900,-1900
04/02/2016 16:00,SCH - PJ - NY,23316,-134.21,2600,-1300
04/02/2016 16:00,SCH - PJM_HTP,325905,0,0,0
04/02/2016 16:00,SCH - PJM_NEPTUNE,325305,660,660,-660
04/02/2016 16:00,SCH - PJM_VFT,325658,152,315,-315
04/02/2016 16:00,SPR/DUN-SOUTH,23320,2023.2,4600,-9999
04/02/2016 16:00,TOTAL EAST,23314,3434.05,6500,-9999
04/02/2016 16:00,UPNY CONED,23315,1859.52,4150,-9999
04/02/2016 16:00,WEST CENTRAL,23312,743.16,9999,-9999
04/02/2016 16:05,CENTRAL EAST - VC,23330,2299,2400,-9999
04/02/2016 16:05,DYSINGER EAST,23326,1100.88,3150,-9999
04/02/2016 16:05,MOSES SOUTH,23319,1291.69,2650,-1600
04/02/2016 16:05,SCH - HQ - NY,23324,814,1500,-1000
04/02/2016 16:05,SCH - HQ_CEDARS,325274,0,199,-100
04/02/2016 16:05,SCH - HQ_IMPORT_EXPORT,325376,555,1310,-9999
04/02/2016 16:05,SCH - NE - NY,23318,-816.44,1400,-1600
04/02/2016 16:05,SCH - NPX_1385,325277,124,200,-200
04/02/2016 16:05,SCH - NPX_CSC,325154,330,330,-330
04/02/2016 16:05,SCH - OH - NY,23317,901.76,1900,-1900
04/02/2016 16:05,SCH - PJ - NY,23316,-176.74,2600,-1300
04/02/2016 16:05,SCH - PJM_HTP,325905,0,0,0
04/02/2016 16:05,SCH - PJM_NEPTUNE,325305,660,660,-660
04/02/2016 16:05,SCH - PJM_VFT,325658,152,315,-315
04/02/2016 16:05,SPR/DUN-SOUTH,23320,2128.81,4600,-9999
04/02/2016 16:05,TOTAL EAST,23314,3458.02,6500,-9999
04/02/2016 16:05,UPNY CONED,23315,1953,4150,-9999
04/02/2016 16:05,WEST CENTRAL,23312,737.64,9999,-9999
04/02/2016 16:10,CENTRAL EAST - VC,23330,2298.42,2400,-9999
04/02/2016 16:10,DYSINGER EAST,23326,1154.06,3150,-9999
04/02/2016 16:10,MOSES SOUTH,23319,1315.52,2650,-1600
04/02/2016 16:10,SCH - HQ - NY,23324,814.01,1500,-1000
04/02/2016 16:10,SCH - HQ_CEDARS,325274,0,199,-100
04/02/2016 16:10,SCH - HQ_IMPORT_EXPORT,325376,555,1310,-9999
04/02/2016 16:10,SCH - NE - NY,23318,-816.9,1400,-1600
04/02/2016 16:10,SCH - NPX_1385,325277,124,200,-200
04/02/2016 16:10,SCH - NPX_CSC,325154,330,330,-330
04/02/2016 16:10,SCH - OH - NY,23317,898.82,1900,-1900
04/02/2016 16:10,SCH - PJ - NY,23316,-170.03,2600,-1300
04/02/2016 16:10,SCH - PJM_HTP,325905,0,0,0
04/02/2016 16:10,SCH - PJM_NEPTUNE,325305,660,660,-660
04/02/2016 16:10,SCH - PJM_VFT,325658,151.99,315,-315
04/02/2016 16:10,SPR/DUN-SOUTH,23320,2146.34,4600,-9999
04/02/2016 16:10,TOTAL EAST,23314,3558.75,6500,-9999
04/02/2016 16:10,UPNY CONED,23315,1967.27,4150,-9999
04/02/2016 16:10,WEST CENTRAL,23312,788.95,9999,-9999
04/02/2016 16:15,CENTRAL EAST - VC,23330,2301,2400,-9999
04/02/2016 16:15,DYSINGER EAST,23326,1168.15,3150,-9999
04/02/2016 16:15,MOSES SOUTH,23319,1315.79,2650,-1600
04/02/2016 16:15,SCH - HQ - NY,23324,814.01,1500,-1000
04/02/2016 16:15,SCH - HQ_CEDARS,325274,0,199,-100
04/02/2016 16:15,SCH - HQ_IMPORT_EXPORT,325376,555,1310,-9999
04/02/2016 16:15,SCH - NE - NY,23318,-774.78,1400,-1600
04/02/2016 16:15,SCH - NPX_1385,325277,124,200,-200
04/02/2016 16:15,SCH - NPX_CSC,325154,330,330,-330
04/02/2016 16:15,SCH - OH - NY,23317,898.96,1900,-1900
04/02/2016 16:15,SCH - PJ - NY,23316,-213.47,2600,-1300
04/02/2016 16:15,SCH - PJM_HTP,325905,0,0,0
04/02/2016 16:15,SCH - PJM_NEPTUNE,325305,660,660,-660
04/02/2016 16:15,SCH - PJM_VFT,325658,151.99,315,-315
04/02/2016 16:15,SPR/DUN-SOUTH,23320,2179.98,4600,-9999
04/02/2016 16:15,TOTAL EAST,23314,3515.47,6500,-9999
04/02/2016 16:15,UPNY CONED,23315,1981.42,4150,-9999
04/02/2016 16:15,WEST CENTRAL,23312,801.71,9999,-9999
04/02/2016 16:20,CENTRAL EAST - VC,23330,2297.89,2400,-9999
04/02/2016 16:20,DYSINGER EAST,23326,1229.77,3150,-9999
04/02/2016 16:20,MOSES SOUTH,23319,1313.91,2650,-1600
04/02/2016 16:20,SCH - HQ - NY,23324,814.02,1500,-1000
04/02/2016 16:20,SCH - HQ_CEDARS,325274,0,199,-100
04/02/2016 16:20,SCH - HQ_IMPORT_EXPORT,325376,555,1310,-9999
04/02/2016 16:20,SCH - NE - NY,23318,-734.27,1400,-1600
04/02/2016 16:20,SCH - NPX_1385,325277,124,200,-200
04/02/2016 16:20,SCH - NPX_CSC,325154,330,330,-330
04/02/2016 16:20,SCH - OH - NY,23317,899.13,1900,-1900
04/02/2016 16:20,SCH - PJ - NY,23316,-256.01,2600,-1300
04/02/2016 16:20,SCH - PJM_HTP,325905,0,0,0
04/02/2016 16:20,SCH - PJM_NEPTUNE,325305,660,660,-660
04/02/2016 16:20,SCH - PJM_VFT,325658,151.99,315,-315
04/02/2016 16:20,SPR/DUN-SOUTH,23320,2240.75,4600,-9999
04/02/2016 16:20,TOTAL EAST,23314,3564.76,6500,-9999
04/02/2016 16:20,UPNY CONED,23315,2034.42,4150,-9999
04/02/2016 16:20,WEST CENTRAL,23312,858.7,9999,-9999
04/02/2016 16:25,CENTRAL EAST - VC,23330,2290.43,2400,-9999
04/02/2016 16:25,DYSINGER EAST,23326,1213.07,3150,-9999
04/02/2016 16:25,MOSES SOUTH,23319,1334.6,2650,-1600
04/02/2016 16:25,SCH - HQ - NY,23324,814.01,1500,-1000
04/02/2016 16:25,SCH - HQ_CEDARS,325274,0,199,-100
04/02/2016 16:25,SCH - HQ_IMPORT_EXPORT,325376,555,1310,-9999
04/02/2016 16:25,SCH - NE - NY,23318,-734.11,1400,-1600
04/02/2016 16:25,SCH - NPX_1385,325277,124,200,-200
04/02/2016 16:25,SCH - NPX_CSC,325154,330,330,-330
04/02/2016 16:25,SCH - OH - NY,23317,896.43,1900,-1900
04/02/2016 16:25,SCH - PJ - NY,23316,-250.16,2600,-1300
04/02/2016 16:25,SCH - PJM_HTP,325905,0,0,0
04/02/2016 16:25,SCH - PJM_NEPTUNE,325305,660,660,-660
04/02/2016 16:25,SCH - PJM_VFT,325658,151.99,315,-315
04/02/2016 16:25,SPR/DUN-SOUTH,23320,2205.1,4600,-9999
04/02/2016 16:25,TOTAL EAST,23314,3454.05,6500,-9999
04/02/2016 16:25,UPNY CONED,23315,1992.47,4150,-9999
04/02/2016 16:25,WEST CENTRAL,23312,843.66,9999,-9999
04/02/2016 16:30,CENTRAL EAST - VC,23330,2279.51,2400,-9999
04/02/2016 16:30,DYSINGER EAST,23326,1193.07,3150,-9999
04/02/2016 16:30,MOSES SOUTH,23319,1324.21,2650,-1600
04/02/2016 16:30,SCH - HQ - NY,23324,814.01,1500,-1000
04/02/2016 16:30,SCH - HQ_CEDARS,325274,0,199,-100
04/02/2016 16:30,SCH - HQ_IMPORT_EXPORT,325376,555,1310,-9999
04/02/2016 16:30,SCH - NE - NY,23318,-773.64,1400,-1600
04/02/2016 16:30,SCH - NPX_1385,325277,124,200,-200
04/02/2016 16:30,SCH - NPX_CSC,325154,330,330,-330
04/02/2016 16:30,SCH - OH - NY,23317,899.29,1900,-1900
04/02/2016 16:30,SCH - PJ - NY,23316,-205.81,2600,-1300
04/02/2016 16:30,SCH - PJM_HTP,325905,0,0,0
04/02/2016 16:30,SCH - PJM_NEPTUNE,325305,660,660,-660
04/02/2016 16:30,SCH - PJM_VFT,325658,151.99,315,-315
04/02/2016 16:30,SPR/DUN-SOUTH,23320,2221.83,4600,-9999
04/02/2016 16:30,TOTAL EAST,23314,3478.67,6500,-9999
04/02/2016 16:30,UPNY CONED,23315,1995.72,4150,-9999
04/02/2016 16:30,WEST CENTRAL,23312,825,9999,-9999
04/02/2016 16:35,CENTRAL EAST - VC,23330,2276.41,2400,-9999
04/02/2016 16:35,DYSINGER EAST,23326,1134.13,3150,-9999
04/02/2016 16:35,MOSES SOUTH,23319,1340.66,2650,-1600
04/02/2016 16:35,SCH - HQ - NY,23324,814.02,1500,-1000
04/02/2016 16:35,SCH - HQ_CEDARS,325274,0,199,-100
04/02/2016 16:35,SCH - HQ_IMPORT_EXPORT,325376,555,1310,-9999
04/02/2016 16:35,SCH - NE - NY,23318,-813.2,1400,-1600
04/02/2016 16:35,SCH - NPX_1385,325277,124,200,-200
04/02/2016 16:35,SCH - NPX_CSC,325154,330.01,330,-330
04/02/2016 16:35,SCH - OH - NY,23317,899.09,1900,-1900
04/02/2016 16:35,SCH - PJ - NY,23316,-156.85,2600,-1300
04/02/2016 16:35,SCH - PJM_HTP,325905,0,0,0
04/02/2016 16:35,SCH - PJM_NEPTUNE,325305,659.99,660,-660
04/02/2016 16:35,SCH - PJM_VFT,325658,151.98,315,-315
04/02/2016 16:35,SPR/DUN-SOUTH,23320,2209.88,4600,-9999
04/02/2016 16:35,TOTAL EAST,23314,3455.59,6500,-9999
04/02/2016 16:35,UPNY CONED,23315,1946.48,4150,-9999
04/02/2016 16:35,WEST CENTRAL,23312,766.36,9999,-9999
04/02/2016 16:40,CENTRAL EAST - VC,23330,2299.27,2400,-9999
04/02/2016 16:40,DYSINGER EAST,23326,1207.28,3150,-9999
04/02/2016 16:40,MOSES SOUTH,23319,1341.72,2650,-1600
04/02/2016 16:40,SCH - HQ - NY,23324,814.01,1500,-1000
04/02/2016 16:40,SCH - HQ_CEDARS,325274,0,199,-100
04/02/2016 16:40,SCH - HQ_IMPORT_EXPORT,325376,555,1310,-9999
04/02/2016 16:40,SCH - NE - NY,23318,-813.3,1400,-1600
04/02/2016 16:40,SCH - NPX_1385,325277,124,200,-200
04/02/2016 16:40,SCH - NPX_CSC,325154,330,330,-330
04/02/2016 16:40,SCH - OH - NY,23317,899.33,1900,-1900
04/02/2016 16:40,SCH - PJ - NY,23316,-157.68,2600,-1300
04/02/2016 16:40,SCH - PJM_HTP,325905,0,0,0
04/02/2016 16:40,SCH - PJM_NEPTUNE,325305,660,660,-660
04/02/2016 16:40,SCH - PJM_VFT,325658,151.99,315,-315
04/02/2016 16:40,SPR/DUN-SOUTH,23320,2207,4600,-9999
04/02/2016 16:40,TOTAL EAST,23314,3500.72,6500,-9999
04/02/2016 16:40,UPNY CONED,23315,1947.36,4150,-9999
04/02/2016 16:40,WEST CENTRAL,23312,834.78,9999,-9999
04/02/2016 16:45,CENTRAL EAST - VC,23330,2303.69,2400,-9999
04/02/2016 16:45,DYSINGER EAST,23326,1243.57,3150,-9999
04/02/2016 16:45,MOSES SOUTH,23319,1312.45,2650,-1600
04/02/2016 16:45,SCH - HQ - NY,23324,814.01,1500,-1000
04/02/2016 16:45,SCH - HQ_CEDARS,325274,0,199,-100
04/02/2016 16:45,SCH - HQ_IMPORT_EXPORT,325376,555,1310,-9999
04/02/2016 16:45,SCH - NE - NY,23318,-858.23,1400,-1600
04/02/2016 16:45,SCH - NPX_1385,325277,124,200,-200
04/02/2016 16:45,SCH - NPX_CSC,325154,330,330,-330
04/02/2016 16:45,SCH - OH - NY,23317,898.92,1900,-1900
04/02/2016 16:45,SCH - PJ - NY,23316,-89.24,2600,-1300
04/02/2016 16:45,SCH - PJM_HTP,325905,0,0,0
04/02/2016 16:45,SCH - PJM_NEPTUNE,325305,660,660,-660
04/02/2016 16:45,SCH - PJM_VFT,325658,151.99,315,-315
04/02/2016 16:45,SPR/DUN-SOUTH,23320,2197.62,4600,-9999
04/02/2016 16:45,TOTAL EAST,23314,3617.85,6500,-9999
04/02/2016 16:45,UPNY CONED,23315,1937.88,4150,-9999
04/02/2016 16:45,WEST CENTRAL,23312,871.1,9999,-9999
04/02/2016 16:50,CENTRAL EAST - VC,23330,2298.48,2400,-9999
04/02/2016 16:50,DYSINGER EAST,23326,1205.54,3150,-9999
04/02/2016 16:50,MOSES SOUTH,23319,1312.09,2650,-1600
04/02/2016 16:50,SCH - HQ - NY,23324,814.02,1500,-1000
04/02/2016 16:50,SCH - HQ_CEDARS,325274,0,199,-100
04/02/2016 16:50,SCH - HQ_IMPORT_EXPORT,325376,555,1310,-9999
04/02/2016 16:50,SCH - NE - NY,23318,-904.06,1400,-1600
04/02/2016 16:50,SCH - NPX_1385,325277,124,200,-200
04/02/2016 16:50,SCH - NPX_CSC,325154,330,330,-330
04/02/2016 16:50,SCH - OH - NY,23317,899.13,1900,-1900
04/02/2016 16:50,SCH - PJ - NY,23316,-28.69,2600,-1300
04/02/2016 16:50,SCH - PJM_HTP,325905,0,0,0
04/02/2016 16:50,SCH - PJM_NEPTUNE,325305,659.99,660,-660
04/02/2016 16:50,SCH - PJM_VFT,325658,151.98,315,-315
04/02/2016 16:50,SPR/DUN-SOUTH,23320,2157.02,4600,-9999
04/02/2016 16:50,TOTAL EAST,23314,3570.7,6500,-9999
04/02/2016 16:50,UPNY CONED,23315,1893.15,4150,-9999
04/02/2016 16:50,WEST CENTRAL,23312,831.2,9999,-9999
04/02/2016 16:55,CENTRAL EAST - VC,23330,2294.13,2400,-9999
04/02/2016 16:55,DYSINGER EAST,23326,1143.21,3150,-9999
04/02/2016 16:55,MOSES SOUTH,23319,1340.77,2650,-1600
04/02/2016 16:55,SCH - HQ - NY,23324,814.02,1500,-1000
04/02/2016 16:55,SCH - HQ_CEDARS,325274,0,199,-100
04/02/2016 16:55,SCH - HQ_IMPORT_EXPORT,325376,555,1310,-9999
04/02/2016 16:55,SCH - NE - NY,23318,-903.9,1400,-1600
04/02/2016 16:55,SCH - NPX_1385,325277,124,200,-200
04/02/2016 16:55,SCH - NPX_CSC,325154,330.01,330,-330
04/02/2016 16:55,SCH - OH - NY,23317,899.14,1900,-1900
04/02/2016 16:55,SCH - PJ - NY,23316,-32.41,2600,-1300
04/02/2016 16:55,SCH - PJM_HTP,325905,0,0,0
04/02/2016 16:55,SCH - PJM_NEPTUNE,325305,659.99,660,-660
04/02/2016 16:55,SCH - PJM_VFT,325658,151.98,315,-315
04/02/2016 16:55,SPR/DUN-SOUTH,23320,2143.84,4600,-9999
04/02/2016 16:55,TOTAL EAST,23314,3476.08,6500,-9999
04/02/2016 16:55,UPNY CONED,23315,1838.42,4150,-9999
04/02/2016 16:55,WEST CENTRAL,23312,769.36,9999,-9999
04/02/2016 17:00,CENTRAL EAST - VC,23330,2296.18,2400,-9999
04/02/2016 17:00,DYSINGER EAST,23326,1163.3,3150,-9999
04/02/2016 17:00,MOSES SOUTH,23319,1387.62,2650,-1600
04/02/2016 17:00,SCH - HQ - NY,23324,814.02,1500,-1000
04/02/2016 17:00,SCH - HQ_CEDARS,325274,0,199,-100
04/02/2016 17:00,SCH - HQ_IMPORT_EXPORT,325376,555,1310,-9999
04/02/2016 17:00,SCH - NE - NY,23318,-937.65,1400,-1600
04/02/2016 17:00,SCH - NPX_1385,325277,118,200,-200
04/02/2016 17:00,SCH - NPX_CSC,325154,330.01,330,-330
04/02/2016 17:00,SCH - OH - NY,23317,825.22,1900,-1900
04/02/2016 17:00,SCH - PJ - NY,23316,-29.59,2600,-1300
04/02/2016 17:00,SCH - PJM_HTP,325905,0,0,0
04/02/2016 17:00,SCH - PJM_NEPTUNE,325305,659.99,660,-660
04/02/2016 17:00,SCH - PJM_VFT,325658,151.98,315,-315
04/02/2016 17:00,SPR/DUN-SOUTH,23320,2098.77,4600,-9999
04/02/2016 17:00,TOTAL EAST,23314,3409,6500,-9999
04/02/2016 17:00,UPNY CONED,23315,1769.27,4150,-9999
04/02/2016 17:00,WEST CENTRAL,23312,791.94,9999,-9999
04/02/2016 17:05,CENTRAL EAST - VC,23330,2300.78,2400,-9999
04/02/2016 17:05,DYSINGER EAST,23326,1267.89,3150,-9999
04/02/2016 17:05,MOSES SOUTH,23319,1367.66,2650,-1600
04/02/2016 17:05,SCH - HQ - NY,23324,814.02,1500,-1000
04/02/2016 17:05,SCH - HQ_CEDARS,325274,0,199,-100
04/02/2016 17:05,SCH - HQ_IMPORT_EXPORT,325376,555,1310,-9999
04/02/2016 17:05,SCH - NE - NY,23318,-972.92,1400,-1600
04/02/2016 17:05,SCH - NPX_1385,325277,113,200,-200
04/02/2016 17:05,SCH - NPX_CSC,325154,330.01,330,-330
04/02/2016 17:05,SCH - OH - NY,23317,750.74,1900,-1900
04/02/2016 17:05,SCH - PJ - NY,23316,-28.26,2600,-1300
04/02/2016 17:05,SCH - PJM_HTP,325905,0,0,0
04/02/2016 17:05,SCH - PJM_NEPTUNE,325305,659.99,660,-660
04/02/2016 17:05,SCH - PJM_VFT,325658,151.98,315,-315
04/02/2016 17:05,SPR/DUN-SOUTH,23320,2083.86,4600,-9999
04/02/2016 17:05,TOTAL EAST,23314,3445.33,6500,-9999
04/02/2016 17:05,UPNY CONED,23315,1769.15,4150,-9999
04/02/2016 17:05,WEST CENTRAL,23312,893.84,9999,-9999
04/02/2016 17:10,CENTRAL EAST - VC,23330,2294.91,2400,-9999
04/02/2016 17:10,DYSINGER EAST,23326,1282.66,3150,-9999
04/02/2016 17:10,MOSES SOUTH,23319,1369.97,2650,-1600
04/02/2016 17:10,SCH - HQ - NY,23324,814.01,1500,-1000
04/02/2016 17:10,SCH - HQ_CEDARS,325274,0,199,-100
04/02/2016 17:10,SCH - HQ_IMPORT_EXPORT,325376,555,1310,-9999
04/02/2016 17:10,SCH - NE - NY,23318,-972.56,1400,-1600
04/02/2016 17:10,SCH - NPX_1385,325277,113,200,-200
04/02/2016 17:10,SCH - NPX_CSC,325154,330,330,-330
04/02/2016 17:10,SCH - OH - NY,23317,751.08,1900,-1900
04/02/2016 17:10,SCH - PJ - NY,23316,-28.1,2600,-1300
04/02/2016 17:10,SCH - PJM_HTP,325905,0,0,0
04/02/2016 17:10,SCH - PJM_NEPTUNE,325305,660,660,-660
04/02/2016 17:10,SCH - PJM_VFT,325658,151.99,315,-315
04/02/2016 17:10,SPR/DUN-SOUTH,23320,2079.4,4600,-9999
04/02/2016 17:10,TOTAL EAST,23314,3374.2,6500,-9999
04/02/2016 17:10,UPNY CONED,23315,1754.44,4150,-9999
04/02/2016 17:10,WEST CENTRAL,23312,908.29,9999,-9999
04/02/2016 17:15,CENTRAL EAST - VC,23330,2298.35,2400,-9999
04/02/2016 17:15,DYSINGER EAST,23326,1174.52,3150,-9999
04/02/2016 17:15,MOSES SOUTH,23319,1388.01,2650,-1600
04/02/2016 17:15,SCH - HQ - NY,23324,814.02,1500,-1000
04/02/2016 17:15,SCH - HQ_CEDARS,325274,0,199,-100
04/02/2016 17:15,SCH - HQ_IMPORT_EXPORT,325376,555,1310,-9999
04/02/2016 17:15,SCH - NE - NY,23318,-876.98,1400,-1600
04/02/2016 17:15,SCH - NPX_1385,325277,113,200,-200
04/02/2016 17:15,SCH - NPX_CSC,325154,330.01,330,-330
04/02/2016 17:15,SCH - OH - NY,23317,750.9,1900,-1900
04/02/2016 17:15,SCH - PJ - NY,23316,-71.19,2600,-1300
04/02/2016 17:15,SCH - PJM_HTP,325905,0,0,0
04/02/2016 17:15,SCH - PJM_NEPTUNE,325305,659.99,660,-660
04/02/2016 17:15,SCH - PJM_VFT,325658,151.98,315,-315
04/02/2016 17:15,SPR/DUN-SOUTH,23320,2119.56,4600,-9999
04/02/2016 17:15,TOTAL EAST,23314,3296.78,6500,-9999
04/02/2016 17:15,UPNY CONED,23315,1798.54,4150,-9999
04/02/2016 17:15,WEST CENTRAL,23312,802.57,9999,-9999
04/02/2016 17:20,CENTRAL EAST - VC,23330,2298.8,2400,-9999
04/02/2016 17:20,DYSINGER EAST,23326,1194.6,3150,-9999
04/02/2016 17:20,MOSES SOUTH,23319,1384.61,2650,-1600
04/02/2016 17:20,SCH - HQ - NY,23324,814.01,1500,-1000
04/02/2016 17:20,SCH - HQ_CEDARS,325274,0,199,-100
04/02/2016 17:20,SCH - HQ_IMPORT_EXPORT,325376,555,1310,-9999
04/02/2016 17:20,SCH - NE - NY,23318,-781.82,1400,-1600
04/02/2016 17:20,SCH - NPX_1385,325277,113,200,-200
04/02/2016 17:20,SCH - NPX_CSC,325154,330,330,-330
04/02/2016 17:20,SCH - OH - NY,23317,750.9,1900,-1900
04/02/2016 17:20,SCH - PJ - NY,23316,-114.14,2600,-1300
04/02/2016 17:20,SCH - PJM_HTP,325905,0,0,0
04/02/2016 17:20,SCH - PJM_NEPTUNE,325305,660,660,-660
04/02/2016 17:20,SCH - PJM_VFT,325658,151.99,315,-315
04/02/2016 17:20,SPR/DUN-SOUTH,23320,2207.69,4600,-9999
04/02/2016 17:20,TOTAL EAST,23314,3314.15,6500,-9999
04/02/2016 17:20,UPNY CONED,23315,1895.67,4150,-9999
04/02/2016 17:20,WEST CENTRAL,23312,821.62,9999,-9999
04/02/2016 17:25,CENTRAL EAST - VC,23330,2293.15,2400,-9999
04/02/2016 17:25,DYSINGER EAST,23326,1264.31,3150,-9999
04/02/2016 17:25,MOSES SOUTH,23319,1370.41,2650,-1600
04/02/2016 17:25,SCH - HQ - NY,23324,814.02,1500,-1000
04/02/2016 17:25,SCH - HQ_CEDARS,325274,0,199,-100
04/02/2016 17:25,SCH - HQ_IMPORT_EXPORT,325376,555,1310,-9999
04/02/2016 17:25,SCH - NE - NY,23318,-782.23,1400,-1600
04/02/2016 17:25,SCH - NPX_1385,325277,113,200,-200
04/02/2016 17:25,SCH - NPX_CSC,325154,330,330,-330
04/02/2016 17:25,SCH - OH - NY,23317,751.21,1900,-1900
04/02/2016 17:25,SCH - PJ - NY,23316,-113.3,2600,-1300
04/02/2016 17:25,SCH - PJM_HTP,325905,0,0,0
04/02/2016 17:25,SCH - PJM_NEPTUNE,325305,660,660,-660
04/02/2016 17:25,SCH - PJM_VFT,325658,151.98,315,-315
04/02/2016 17:25,SPR/DUN-SOUTH,23320,2202.76,4600,-9999
04/02/2016 17:25,TOTAL EAST,23314,3330.64,6500,-9999
04/02/2016 17:25,UPNY CONED,23315,1895.95,4150,-9999
04/02/2016 17:25,WEST CENTRAL,23312,887.04,9999,-9999
04/02/2016 17:30,CENTRAL EAST - VC,23330,2299.62,2400,-9999
04/02/2016 17:30,DYSINGER EAST,23326,1376.29,3150,-9999
04/02/2016 17:30,MOSES SOUTH,23319,1414.6,2650,-1600
04/02/2016 17:30,SCH - HQ - NY,23324,814.03,1500,-1000
04/02/2016 17:30,SCH - HQ_CEDARS,325274,0,199,-100
04/02/2016 17:30,SCH - HQ_IMPORT_EXPORT,325376,555,1310,-9999
04/02/2016 17:30,SCH - NE - NY,23318,-796.28,1400,-1600
04/02/2016 17:30,SCH - NPX_1385,325277,113,200,-200
04/02/2016 17:30,SCH - NPX_CSC,325154,330.01,330,-330
04/02/2016 17:30,SCH - OH - NY,23317,751.43,1900,-1900
04/02/2016 17:30,SCH - PJ - NY,23316,-105.76,2600,-1300
04/02/2016 17:30,SCH - PJM_HTP,325905,0,0,0
04/02/2016 17:30,SCH - PJM_NEPTUNE,325305,659.99,660,-660
04/02/2016 17:30,SCH - PJM_VFT,325658,151.97,315,-315
04/02/2016 17:30,SPR/DUN-SOUTH,23320,2198.35,4600,-9999
04/02/2016 17:30,TOTAL EAST,23314,3445.37,6500,-9999
04/02/2016 17:30,UPNY CONED,23315,1902.77,4150,-9999
04/02/2016 17:30,WEST CENTRAL,23312,992.18,9999,-9999
04/02/2016 17:35,CENTRAL EAST - VC,23330,2290.15,2400,-9999
04/02/2016 17:35,DYSINGER EAST,23326,1317.73,3150,-9999
04/02/2016 17:35,MOSES SOUTH,23319,1413.01,2650,-1600
04/02/2016 17:35,SCH - HQ - NY,23324,814.01,1500,-1000
04/02/2016 17:35,SCH - HQ_CEDARS,325274,0,199,-100
04/02/2016 17:35,SCH - HQ_IMPORT_EXPORT,325376,555,1310,-9999
04/02/2016 17:35,SCH - NE - NY,23318,-810.61,1400,-1600
04/02/2016 17:35,SCH - NPX_1385,325277,113,200,-200
04/02/2016 17:35,SCH - NPX_CSC,325154,330,330,-330
04/02/2016 17:35,SCH - OH - NY,23317,751.32,1900,-1900
04/02/2016 17:35,SCH - PJ - NY,23316,-103.06,2600,-1300
04/02/2016 17:35,SCH - PJM_HTP,325905,0,0,0
04/02/2016 17:35,SCH - PJM_NEPTUNE,325305,660,660,-660
04/02/2016 17:35,SCH - PJM_VFT,325658,151.99,315,-315
04/02/2016 17:35,SPR/DUN-SOUTH,23320,2146.37,4600,-9999
04/02/2016 17:35,TOTAL EAST,23314,3348.61,6500,-9999
04/02/2016 17:35,UPNY CONED,23315,1859.19,4150,-9999
04/02/2016 17:35,WEST CENTRAL,23312,932.43,9999,-9999
04/02/2016 17:40,CENTRAL EAST - VC,23330,2294.55,2400,-9999
04/02/2016 17:40,DYSINGER EAST,23326,1326.44,3150,-9999
04/02/2016 17:40,MOSES SOUTH,23319,1385.82,2650,-1600
04/02/2016 17:40,SCH - HQ - NY,23324,814.02,1500,-1000
04/02/2016 17:40,SCH - HQ_CEDARS,325274,0,199,-100
04/02/2016 17:40,SCH - HQ_IMPORT_EXPORT,325376,555,1310,-9999
04/02/2016 17:40,SCH - NE - NY,23318,-810.35,1400,-1600
04/02/2016 17:40,SCH - NPX_1385,325277,113,200,-200
04/02/2016 17:40,SCH - NPX_CSC,325154,330.01,330,-330
04/02/2016 17:40,SCH - OH - NY,23317,750.98,1900,-1900
04/02/2016 17:40,SCH - PJ - NY,23316,-102.74,2600,-1300
04/02/2016 17:40,SCH - PJM_HTP,325905,0,0,0
04/02/2016 17:40,SCH - PJM_NEPTUNE,325305,660,660,-660
04/02/2016 17:40,SCH - PJM_VFT,325658,151.98,315,-315
04/02/2016 17:40,SPR/DUN-SOUTH,23320,2136.76,4600,-9999
04/02/2016 17:40,TOTAL EAST,23314,3409.66,6500,-9999
04/02/2016 17:40,UPNY CONED,23315,1862.76,4150,-9999
04/02/2016 17:40,WEST CENTRAL,23312,935.62,9999,-9999
04/02/2016 17:45,CENTRAL EAST - VC,23330,2286.89,2400,-9999
04/02/2016 17:45,DYSINGER EAST,23326,1338.06,3150,-9999
04/02/2016 17:45,MOSES SOUTH,23319,1376.18,2650,-1600
04/02/2016 17:45,SCH - HQ - NY,23324,814.02,1500,-1000
04/02/2016 17:45,SCH - HQ_CEDARS,325274,0,199,-100
04/02/2016 17:45,SCH - HQ_IMPORT_EXPORT,325376,555,1310,-9999
04/02/2016 17:45,SCH - NE - NY,23318,-854.36,1400,-1600
04/02/2016 17:45,SCH - NPX_1385,325277,113,200,-200
04/02/2016 17:45,SCH - NPX_CSC,325154,330.01,330,-330
04/02/2016 17:45,SCH - OH - NY,23317,751.03,1900,-1900
04/02/2016 17:45,SCH - PJ - NY,23316,-75.04,2600,-1300
04/02/2016 17:45,SCH - PJM_HTP,325905,0,0,0
04/02/2016 17:45,SCH - PJM_NEPTUNE,325305,659.99,660,-660
04/02/2016 17:45,SCH - PJM_VFT,325658,151.98,315,-315
04/02/2016 17:45,SPR/DUN-SOUTH,23320,2081.58,4600,-9999
04/02/2016 17:45,TOTAL EAST,23314,3381.81,6500,-9999
04/02/2016 17:45,UPNY CONED,23315,1838.24,4150,-9999
04/02/2016 17:45,WEST CENTRAL,23312,951.36,9999,-9999
04/02/2016 17:50,CENTRAL EAST - VC,23330,2285.63,2400,-9999
04/02/2016 17:50,DYSINGER EAST,23326,1364.99,3150,-9999
04/02/2016 17:50,MOSES SOUTH,23319,1374.86,2650,-1600
04/02/2016 17:50,SCH - HQ - NY,23324,814.02,1500,-1000
04/02/2016 17:50,SCH - HQ_CEDARS,325274,0,199,-100
04/02/2016 17:50,SCH - HQ_IMPORT_EXPORT,325376,555,1310,-9999
04/02/2016 17:50,SCH - NE - NY,23318,-898.09,1400,-1600
04/02/2016 17:50,SCH - NPX_1385,325277,113,200,-200
04/02/2016 17:50,SCH - NPX_CSC,325154,330.01,330,-330
04/02/2016 17:50,SCH - OH - NY,23317,750.99,1900,-1900
04/02/2016 17:50,SCH - PJ - NY,23316,-46.9,2600,-1300
04/02/2016 17:50,SCH - PJM_HTP,325905,0,0,0
04/02/2016 17:50,SCH - PJM_NEPTUNE,325305,659.99,660,-660
04/02/2016 17:50,SCH - PJM_VFT,325658,151.98,315,-315
04/02/2016 17:50,SPR/DUN-SOUTH,23320,2042.28,4600,-9999
04/02/2016 17:50,TOTAL EAST,23314,3369.21,6500,-9999
04/02/2016 17:50,UPNY CONED,23315,1788.9,4150,-9999
04/02/2016 17:50,WEST CENTRAL,23312,974.88,9999,-9999
04/02/2016 17:55,CENTRAL EAST - VC,23330,2299.73,2400,-9999
04/02/2016 17:55,DYSINGER EAST,23326,1417.22,3150,-9999
04/02/2016 17:55,MOSES SOUTH,23319,1379.43,2650,-1600
04/02/2016 17:55,SCH - HQ - NY,23324,814.02,1500,-1000
04/02/2016 17:55,SCH - HQ_CEDARS,325274,0,199,-100
04/02/2016 17:55,SCH - HQ_IMPORT_EXPORT,325376,555,1310,-9999
04/02/2016 17:55,SCH - NE - NY,23318,-898.07,1400,-1600
04/02/2016 17:55,SCH - NPX_1385,325277,113,200,-200
04/02/2016 17:55,SCH - NPX_CSC,325154,330.01,330,-330
04/02/2016 17:55,SCH - OH - NY,23317,751.11,1900,-1900
04/02/2016 17:55,SCH - PJ - NY,23316,-47.78,2600,-1300
04/02/2016 17:55,SCH - PJM_HTP,325905,0,0,0
04/02/2016 17:55,SCH - PJM_NEPTUNE,325305,659.99,660,-660
04/02/2016 17:55,SCH - PJM_VFT,325658,151.98,315,-315
04/02/2016 17:55,SPR/DUN-SOUTH,23320,2043.71,4600,-9999
04/02/2016 17:55,TOTAL EAST,23314,3344.33,6500,-9999
04/02/2016 17:55,UPNY CONED,23315,1786.42,4150,-9999
04/02/2016 17:55,WEST CENTRAL,23312,1019.92,9999,-9999
04/02/2016 18:00,CENTRAL EAST - VC,23330,2368.64,2470,-9999
04/02/2016 18:00,DYSINGER EAST,23326,1499.22,3150,-9999
04/02/2016 18:00,MOSES SOUTH,23319,1427.75,2650,-1600
04/02/2016 18:00,SCH - HQ - NY,23324,814.02,1500,-1000
04/02/2016 18:00,SCH - HQ_CEDARS,325274,0,199,-100
04/02/2016 18:00,SCH - HQ_IMPORT_EXPORT,325376,555,1310,-9999
04/02/2016 18:00,SCH - NE - NY,23318,-829.37,1400,-1600
04/02/2016 18:00,SCH - NPX_1385,325277,78,200,-200
04/02/2016 18:00,SCH - NPX_CSC,325154,272,330,-330
04/02/2016 18:00,SCH - OH - NY,23317,769.07,1900,-1900
04/02/2016 18:00,SCH - PJ - NY,23316,-93.46,2600,-1300
04/02/2016 18:00,SCH - PJM_HTP,325905,0,0,0
04/02/2016 18:00,SCH - PJM_NEPTUNE,325305,659.99,660,-660
04/02/2016 18:00,SCH - PJM_VFT,325658,151.98,315,-315
04/02/2016 18:00,SPR/DUN-SOUTH,23320,2113.36,4600,-9999
04/02/2016 18:00,TOTAL EAST,23314,3448.33,6500,-9999
04/02/2016 18:00,UPNY CONED,23315,1962.86,4150,-9999
04/02/2016 18:00,WEST CENTRAL,23312,1101.16,9999,-9999
04/02/2016 18:05,CENTRAL EAST - VC,23330,2369.18,2470,-9999
04/02/2016 18:05,DYSINGER EAST,23326,1497.53,3150,-9999
04/02/2016 18:05,MOSES SOUTH,23319,1460.5,2650,-1600
04/02/2016 18:05,SCH - HQ - NY,23324,814.02,1500,-1000
04/02/2016 18:05,SCH - HQ_CEDARS,325274,0,199,-100
04/02/2016 18:05,SCH - HQ_IMPORT_EXPORT,325376,555,1310,-9999
04/02/2016 18:05,SCH - NE - NY,23318,-761.7,1400,-1600
04/02/2016 18:05,SCH - NPX_1385,325277,44,200,-200
04/02/2016 18:05,SCH - NPX_CSC,325154,215,330,-330
04/02/2016 18:05,SCH - OH - NY,23317,787.3,1900,-1900
04/02/2016 18:05,SCH - PJ - NY,23316,-124.2,2600,-1300
04/02/2016 18:05,SCH - PJM_HTP,325905,0,0,0
04/02/2016 18:05,SCH - PJM_NEPTUNE,325305,659.99,660,-660
04/02/2016 18:05,SCH - PJM_VFT,325658,151.98,315,-315
04/02/2016 18:05,SPR/DUN-SOUTH,23320,2089.79,4600,-9999
04/02/2016 18:05,TOTAL EAST,23314,3412.72,6500,-9999
04/02/2016 18:05,UPNY CONED,23315,2035.6,4150,-9999
04/02/2016 18:05,WEST CENTRAL,23312,1096.86,9999,-9999
04/02/2016 18:10,CENTRAL EAST - VC,23330,2368.85,2470,-9999
04/02/2016 18:10,DYSINGER EAST,23326,1542.74,3150,-9999
04/02/2016 18:10,MOSES SOUTH,23319,1423.2,2650,-1600
04/02/2016 18:10,SCH - HQ - NY,23324,814.02,1500,-1000
04/02/2016 18:10,SCH - HQ_CEDARS,325274,0,199,-100
04/02/2016 18:10,SCH - HQ_IMPORT_EXPORT,325376,555,1310,-9999
04/02/2016 18:10,SCH - NE - NY,23318,-761.42,1400,-1600
04/02/2016 18:10,SCH - NPX_1385,325277,44,200,-200
04/02/2016 18:10,SCH - NPX_CSC,325154,215,330,-330
04/02/2016 18:10,SCH - OH - NY,23317,787.39,1900,-1900
04/02/2016 18:10,SCH - PJ - NY,23316,-135.47,2600,-1300
04/02/2016 18:10,SCH - PJM_HTP,325905,0,0,0
04/02/2016 18:10,SCH - PJM_NEPTUNE,325305,659.99,660,-660
04/02/2016 18:10,SCH - PJM_VFT,325658,151.98,315,-315
04/02/2016 18:10,SPR/DUN-SOUTH,23320,2075.57,4600,-9999
04/02/2016 18:10,TOTAL EAST,23314,3380.62,6500,-9999
04/02/2016 18:10,UPNY CONED,23315,2014.93,4150,-9999
04/02/2016 18:10,WEST CENTRAL,23312,1143.63,9999,-9999
04/02/2016 18:15,CENTRAL EAST - VC,23330,2359.69,2470,-9999
04/02/2016 18:15,DYSINGER EAST,23326,1502.74,3150,-9999
04/02/2016 18:15,MOSES SOUTH,23319,1418.22,2650,-1600
04/02/2016 18:15,SCH - HQ - NY,23324,813.99,1500,-1000
04/02/2016 18:15,SCH - HQ_CEDARS,325274,0,199,-100
04/02/2016 18:15,SCH - HQ_IMPORT_EXPORT,325376,555,1310,-9999
04/02/2016 18:15,SCH - NE - NY,23318,-734.36,1400,-1600
04/02/2016 18:15,SCH - NPX_1385,325277,44,200,-200
04/02/2016 18:15,SCH - NPX_CSC,325154,215,330,-330
04/02/2016 18:15,SCH - OH - NY,23317,787.11,1900,-1900
04/02/2016 18:15,SCH - PJ - NY,23316,-122.71,2600,-1300
04/02/2016 18:15,SCH - PJM_HTP,325905,0,0,0
04/02/2016 18:15,SCH - PJM_NEPTUNE,325305,660,660,-660
04/02/2016 18:15,SCH - PJM_VFT,325658,152,315,-315
04/02/2016 18:15,SPR/DUN-SOUTH,23320,2082.89,4600,-9999
04/02/2016 18:15,TOTAL EAST,23314,3394.8,6500,-9999
04/02/2016 18:15,UPNY CONED,23315,2038.27,4150,-9999
04/02/2016 18:15,WEST CENTRAL,23312,1104.87,9999,-9999
04/02/2016 18:20,CENTRAL EAST - VC,23330,2366.79,2470,-9999
04/02/2016 18:20,DYSINGER EAST,23326,1583.04,3150,-9999
04/02/2016 18:20,MOSES SOUTH,23319,1395.72,2650,-1600
04/02/2016 18:20,SCH - HQ - NY,23324,814.01,1500,-1000
04/02/2016 18:20,SCH - HQ_CEDARS,325274,0,199,-100
04/02/2016 18:20,SCH - HQ_IMPORT_EXPORT,325376,555,1310,-9999
04/02/2016 18:20,SCH - NE - NY,23318,-708.8,1400,-1600
04/02/2016 18:20,SCH - NPX_1385,325277,44,200,-200
04/02/2016 18:20,SCH - NPX_CSC,325154,215,330,-330
04/02/2016 18:20,SCH - OH - NY,23317,787.08,1900,-1900
04/02/2016 18:20,SCH - PJ - NY,23316,-104.13,2600,-1300
04/02/2016 18:20,SCH - PJM_HTP,325905,0,0,0
04/02/2016 18:20,SCH - PJM_NEPTUNE,325305,660,660,-660
04/02/2016 18:20,SCH - PJM_VFT,325658,151.99,315,-315
04/02/2016 18:20,SPR/DUN-SOUTH,23320,2175.95,4600,-9999
04/02/2016 18:20,TOTAL EAST,23314,3509.84,6500,-9999
04/02/2016 18:20,UPNY CONED,23315,2129.36,4150,-9999
04/02/2016 18:20,WEST CENTRAL,23312,1176.97,9999,-9999
04/02/2016 18:25,CENTRAL EAST - VC,23330,2366.83,2470,-9999
04/02/2016 18:25,DYSINGER EAST,23326,1558.93,3150,-9999
04/02/2016 18:25,MOSES SOUTH,23319,1389.5,2650,-1600
04/02/2016 18:25,SCH - HQ - NY,23324,814.01,1500,-1000
04/02/2016 18:25,SCH - HQ_CEDARS,325274,0,199,-100
04/02/2016 18:25,SCH - HQ_IMPORT_EXPORT,325376,555,1310,-9999
04/02/2016 18:25,SCH - NE - NY,23318,-708.89,1400,-1600
04/02/2016 18:25,SCH - NPX_1385,325277,44,200,-200
04/02/2016 18:25,SCH - NPX_CSC,325154,215,330,-330
04/02/2016 18:25,SCH - OH - NY,23317,786.95,1900,-1900
04/02/2016 18:25,SCH - PJ - NY,23316,-105.75,2600,-1300
04/02/2016 18:25,SCH - PJM_HTP,325905,0,0,0
04/02/2016 18:25,SCH - PJM_NEPTUNE,325305,660,660,-660
04/02/2016 18:25,SCH - PJM_VFT,325658,151.99,315,-315
04/02/2016 18:25,SPR/DUN-SOUTH,23320,2188.61,4600,-9999
04/02/2016 18:25,TOTAL EAST,23314,3515.59,6500,-9999
04/02/2016 18:25,UPNY CONED,23315,2131.54,4150,-9999
04/02/2016 18:25,WEST CENTRAL,23312,1151.86,9999,-9999
04/02/2016 18:30,CENTRAL EAST - VC,23330,2368.7,2470,-9999
04/02/2016 18:30,DYSINGER EAST,23326,1574.85,3150,-9999
04/02/2016 18:30,MOSES SOUTH,23319,1387.22,2650,-1600
04/02/2016 18:30,SCH - HQ - NY,23324,814.02,1500,-1000
04/02/2016 18:30,SCH - HQ_CEDARS,325274,0,199,-100
04/02/2016 18:30,SCH - HQ_IMPORT_EXPORT,325376,555,1310,-9999
04/02/2016 18:30,SCH - NE - NY,23318,-734.78,1400,-1600
04/02/2016 18:30,SCH - NPX_1385,325277,44,200,-200
04/02/2016 18:30,SCH - NPX_CSC,325154,215,330,-330
04/02/2016 18:30,SCH - OH - NY,23317,787.11,1900,-1900
04/02/2016 18:30,SCH - PJ - NY,23316,-105.7,2600,-1300
04/02/2016 18:30,SCH - PJM_HTP,325905,0,0,0
04/02/2016 18:30,SCH - PJM_NEPTUNE,325305,660,660,-660
04/02/2016 18:30,SCH - PJM_VFT,325658,151.98,315,-315
04/02/2016 18:30,SPR/DUN-SOUTH,23320,2154.93,4600,-9999
04/02/2016 18:30,TOTAL EAST,23314,3572.14,6500,-9999
04/02/2016 18:30,UPNY CONED,23315,2077.39,4150,-9999
04/02/2016 18:30,WEST CENTRAL,23312,1167.11,9999,-9999
04/02/2016 18:35,CENTRAL EAST - VC,23330,2382.07,2490,-9999
04/02/2016 18:35,DYSINGER EAST,23326,1582.08,3150,-9999
04/02/2016 18:35,MOSES SOUTH,23319,1383.92,2650,-1600
04/02/2016 18:35,SCH - HQ - NY,23324,814.02,1500,-1000
04/02/2016 18:35,SCH - HQ_CEDARS,325274,0,199,-100
04/02/2016 18:35,SCH - HQ_IMPORT_EXPORT,325376,555,1310,-9999
04/02/2016 18:35,SCH - NE - NY,23318,-761.38,1400,-1600
04/02/2016 18:35,SCH - NPX_1385,325277,44,200,-200
04/02/2016 18:35,SCH - NPX_CSC,325154,215,330,-330
04/02/2016 18:35,SCH - OH - NY,23317,787.12,1900,-1900
04/02/2016 18:35,SCH - PJ - NY,23316,-107.18,2600,-1300
04/02/2016 18:35,SCH - PJM_HTP,325905,0,0,0
04/02/2016 18:35,SCH - PJM_NEPTUNE,325305,660,660,-660
04/02/2016 18:35,SCH - PJM_VFT,325658,151.98,315,-315
04/02/2016 18:35,SPR/DUN-SOUTH,23320,2083.31,4600,-9999
04/02/2016 18:35,TOTAL EAST,23314,3552.16,6500,-9999
04/02/2016 18:35,UPNY CONED,23315,2018.71,4150,-9999
04/02/2016 18:35,WEST CENTRAL,23312,1172.66,9999,-9999
04/02/2016 18:40,CENTRAL EAST - VC,23330,2383.84,2490,-9999
04/02/2016 18:40,DYSINGER EAST,23326,1604.32,3150,-9999
04/02/2016 18:40,MOSES SOUTH,23319,1295.1,2650,-1600
04/02/2016 18:40,SCH - HQ - NY,23324,814.01,1500,-1000
04/02/2016 18:40,SCH - HQ_CEDARS,325274,0,199,-100
04/02/2016 18:40,SCH - HQ_IMPORT_EXPORT,325376,555,1310,-9999
04/02/2016 18:40,SCH - NE - NY,23318,-761.32,1400,-1600
04/02/2016 18:40,SCH - NPX_1385,325277,44,200,-200
04/02/2016 18:40,SCH - NPX_CSC,325154,215,330,-330
04/02/2016 18:40,SCH - OH - NY,23317,786.27,1900,-1900
04/02/2016 18:40,SCH - PJ - NY,23316,-109.13,2600,-1300
04/02/2016 18:40,SCH - PJM_HTP,325905,0,0,0
04/02/2016 18:40,SCH - PJM_NEPTUNE,325305,660,660,-660
04/02/2016 18:40,SCH - PJM_VFT,325658,151.99,315,-315
04/02/2016 18:40,SPR/DUN-SOUTH,23320,2190.7,4600,-9999
04/02/2016 18:40,TOTAL EAST,23314,3675.73,6500,-9999
04/02/2016 18:40,UPNY CONED,23315,2098.24,4150,-9999
04/02/2016 18:40,WEST CENTRAL,23312,1191.33,9999,-9999
04/02/2016 18:45,CENTRAL EAST - VC,23330,2385.9,2490,-9999
04/02/2016 18:45,DYSINGER EAST,23326,1560.26,3150,-9999
04/02/2016 18:45,MOSES SOUTH,23319,1302.66,2650,-1600
04/02/2016 18:45,SCH - HQ - NY,23324,814.01,1500,-1000
04/02/2016 18:45,SCH - HQ_CEDARS,325274,0,199,-100
04/02/2016 18:45,SCH - HQ_IMPORT_EXPORT,325376,555,1310,-9999
04/02/2016 18:45,SCH - NE - NY,23318,-761.41,1400,-1600
04/02/2016 18:45,SCH - NPX_1385,325277,44,200,-200
04/02/2016 18:45,SCH - NPX_CSC,325154,215,330,-330
04/02/2016 18:45,SCH - OH - NY,23317,786.15,1900,-1900
04/02/2016 18:45,SCH - PJ - NY,23316,-108.19,2600,-1300
04/02/2016 18:45,SCH - PJM_HTP,325905,0,0,0
04/02/2016 18:45,SCH - PJM_NEPTUNE,325305,660,660,-660
04/02/2016 18:45,SCH - PJM_VFT,325658,151.98,315,-315
04/02/2016 18:45,SPR/DUN-SOUTH,23320,2207.01,4600,-9999
04/02/2016 18:45,TOTAL EAST,23314,3651.16,6500,-9999
04/02/2016 18:45,UPNY CONED,23315,2085.96,4150,-9999
04/02/2016 18:45,WEST CENTRAL,23312,1143.4,9999,-9999
04/02/2016 18:50,CENTRAL EAST - VC,23330,2377.29,2490,-9999
04/02/2016 18:50,DYSINGER EAST,23326,1476.53,3150,-9999
04/02/2016 18:50,MOSES SOUTH,23319,1306.88,2650,-1600
04/02/2016 18:50,SCH - HQ - NY,23324,814,1500,-1000
04/02/2016 18:50,SCH - HQ_CEDARS,325274,0,199,-100
04/02/2016 18:50,SCH - HQ_IMPORT_EXPORT,325376,555,1310,-9999
04/02/2016 18:50,SCH - NE - NY,23318,-761.17,1400,-1600
04/02/2016 18:50,SCH - NPX_1385,325277,44,200,-200
04/02/2016 18:50,SCH - NPX_CSC,325154,215,330,-330
04/02/2016 18:50,SCH - OH - NY,23317,788.29,1900,-1900
04/02/2016 18:50,SCH - PJ - NY,23316,-108.43,2600,-1300
04/02/2016 18:50,SCH - PJM_HTP,325905,0,0,0
04/02/2016 18:50,SCH - PJM_NEPTUNE,325305,660,660,-660
04/02/2016 18:50,SCH - PJM_VFT,325658,152,315,-315
04/02/2016 18:50,SPR/DUN-SOUTH,23320,2200.92,4600,-9999
04/02/2016 18:50,TOTAL EAST,23314,3628.37,6500,-9999
04/02/2016 18:50,UPNY CONED,23315,2059.33,4150,-9999
04/02/2016 18:50,WEST CENTRAL,23312,1057.55,9999,-9999
04/02/2016 18:55,CENTRAL EAST - VC,23330,2388.72,2490,-9999
04/02/2016 18:55,DYSINGER EAST,23326,1537.72,3150,-9999
04/02/2016 18:55,MOSES SOUTH,23319,1340.68,2650,-1600
04/02/2016 18:55,SCH - HQ - NY,23324,814.02,1500,-1000
04/02/2016 18:55,SCH - HQ_CEDARS,325274,0,199,-100
04/02/2016 18:55,SCH - HQ_IMPORT_EXPORT,325376,555,1310,-9999
04/02/2016 18:55,SCH - NE - NY,23318,-761.48,1400,-1600
04/02/2016 18:55,SCH - NPX_1385,325277,44,200,-200
04/02/2016 18:55,SCH - NPX_CSC,325154,215,330,-330
04/02/2016 18:55,SCH - OH - NY,23317,786.54,1900,-1900
04/02/2016 18:55,SCH - PJ - NY,23316,-105.39,2600,-1300
04/02/2016 18:55,SCH - PJM_HTP,325905,0,0,0
04/02/2016 18:55,SCH - PJM_NEPTUNE,325305,660,660,-660
04/02/2016 18:55,SCH - PJM_VFT,325658,151.98,315,-315
04/02/2016 18:55,SPR/DUN-SOUTH,23320,2209.93,4600,-9999
04/02/2016 18:55,TOTAL EAST,23314,3671.8,6500,-9999
04/02/2016 18:55,UPNY CONED,23315,2068.13,4150,-9999
04/02/2016 18:55,WEST CENTRAL,23312,1112.33,9999,-9999
04/02/2016 19:00,CENTRAL EAST - VC,23330,2384.15,2490,-9999
04/02/2016 19:00,DYSINGER EAST,23326,1481.12,3150,-9999
04/02/2016 19:00,MOSES SOUTH,23319,1353.02,2650,-1600
04/02/2016 19:00,SCH - HQ - NY,23324,832.02,1500,-1000
04/02/2016 19:00,SCH - HQ_CEDARS,325274,0,199,-100
04/02/2016 19:00,SCH - HQ_IMPORT_EXPORT,325376,573,1310,-9999
04/02/2016 19:00,SCH - NE - NY,23318,-835.12,1400,-1600
04/02/2016 19:00,SCH - NPX_1385,325277,44,200,-200
04/02/2016 19:00,SCH - NPX_CSC,325154,239,330,-330
04/02/2016 19:00,SCH - OH - NY,23317,790.73,1900,-1900
04/02/2016 19:00,SCH - PJ - NY,23316,-113.57,2600,-1300
04/02/2016 19:00,SCH - PJM_HTP,325905,0,0,0
04/02/2016 19:00,SCH - PJM_NEPTUNE,325305,660,660,-660
04/02/2016 19:00,SCH - PJM_VFT,325658,151.98,315,-315
04/02/2016 19:00,SPR/DUN-SOUTH,23320,2275.64,4600,-9999
04/02/2016 19:00,TOTAL EAST,23314,3544.79,6500,-9999
04/02/2016 19:00,UPNY CONED,23315,2058.03,4150,-9999
04/02/2016 19:00,WEST CENTRAL,23312,1055.91,9999,-9999
04/02/2016 19:05,CENTRAL EAST - VC,23330,2390.08,2490,-9999
04/02/2016 19:05,DYSINGER EAST,23326,1570.72,3150,-9999
04/02/2016 19:05,MOSES SOUTH,23319,1356.66,2650,-1600
04/02/2016 19:05,SCH - HQ - NY,23324,851.03,1500,-1000
04/02/2016 19:05,SCH - HQ_CEDARS,325274,0,199,-100
04/02/2016 19:05,SCH - HQ_IMPORT_EXPORT,325376,592,1310,-9999
04/02/2016 19:05,SCH - NE - NY,23318,-908.73,1400,-1600
04/02/2016 19:05,SCH - NPX_1385,325277,44,200,-200
04/02/2016 19:05,SCH - NPX_CSC,325154,263,330,-330
04/02/2016 19:05,SCH - OH - NY,23317,795.62,1900,-1900
04/02/2016 19:05,SCH - PJ - NY,23316,-123.33,2600,-1300
04/02/2016 19:05,SCH - PJM_HTP,325905,0,0,0
04/02/2016 19:05,SCH - PJM_NEPTUNE,325305,659.99,660,-660
04/02/2016 19:05,SCH - PJM_VFT,325658,151.98,315,-315
04/02/2016 19:05,SPR/DUN-SOUTH,23320,2234.92,4600,-9999
04/02/2016 19:05,TOTAL EAST,23314,3633.87,6500,-9999
04/02/2016 19:05,UPNY CONED,23315,1988.27,4150,-9999
04/02/2016 19:05,WEST CENTRAL,23312,1137.82,9999,-9999
04/02/2016 19:10,CENTRAL EAST - VC,23330,2383.66,2490,-9999
04/02/2016 19:10,DYSINGER EAST,23326,1586.03,3150,-9999
04/02/2016 19:10,MOSES SOUTH,23319,1326.24,2650,-1600
04/02/2016 19:10,SCH - HQ - NY,23324,851,1500,-1000
04/02/2016 19:10,SCH - HQ_CEDARS,325274,0,199,-100
04/02/2016 19:10,SCH - HQ_IMPORT_EXPORT,325376,592,1310,-9999
04/02/2016 19:10,SCH - NE - NY,23318,-908.05,1400,-1600
04/02/2016 19:10,SCH - NPX_1385,325277,44,200,-200
04/02/2016 19:10,SCH - NPX_CSC,325154,263,330,-330
04/02/2016 19:10,SCH - OH - NY,23317,798.26,1900,-1900
04/02/2016 19:10,SCH - PJ - NY,23316,-131.16,2600,-1300
04/02/2016 19:10,SCH - PJM_HTP,325905,0,0,0
04/02/2016 19:10,SCH - PJM_NEPTUNE,325305,660,660,-660
04/02/2016 19:10,SCH - PJM_VFT,325658,152,315,-315
04/02/2016 19:10,SPR/DUN-SOUTH,23320,2215.86,4600,-9999
04/02/2016 19:10,TOTAL EAST,23314,3507.29,6500,-9999
04/02/2016 19:10,UPNY CONED,23315,1966.55,4150,-9999
04/02/2016 19:10,WEST CENTRAL,23312,1147.61,9999,-9999
04/02/2016 19:15,CENTRAL EAST - VC,23330,2384.3,2490,-9999
04/02/2016 19:15,DYSINGER EAST,23326,1587.94,3150,-9999
04/02/2016 19:15,MOSES SOUTH,23319,1334.18,2650,-1600
04/02/2016 19:15,SCH - HQ - NY,23324,851.03,1500,-1000
04/02/2016 19:15,SCH - HQ_CEDARS,325274,0,199,-100
04/02/2016 19:15,SCH - HQ_IMPORT_EXPORT,325376,592,1310,-9999
04/02/2016 19:15,SCH - NE - NY,23318,-957.19,1400,-1600
04/02/2016 19:15,SCH - NPX_1385,325277,44,200,-200
04/02/2016 19:15,SCH - NPX_CSC,325154,263.01,330,-330
04/02/2016 19:15,SCH - OH - NY,23317,798.06,1900,-1900
04/02/2016 19:15,SCH - PJ - NY,23316,-131.01,2600,-1300
04/02/2016 19:15,SCH - PJM_HTP,325905,0,0,0
04/02/2016 19:15,SCH - PJM_NEPTUNE,325305,659.99,660,-660
04/02/2016 19:15,SCH - PJM_VFT,325658,151.97,315,-315
04/02/2016 19:15,SPR/DUN-SOUTH,23320,2194.53,4600,-9999
04/02/2016 19:15,TOTAL EAST,23314,3609.27,6500,-9999
04/02/2016 19:15,UPNY CONED,23315,1968.71,4150,-9999
04/02/2016 19:15,WEST CENTRAL,23312,1140.86,9999,-9999
04/02/2016 19:20,CENTRAL EAST - VC,23330,2355.43,2490,-9999
04/02/2016 19:20,DYSINGER EAST,23326,1659.75,3150,-9999
04/02/2016 19:20,MOSES SOUTH,23319,1279.79,2650,-1600
04/02/2016 19:20,SCH - HQ - NY,23324,851.02,1500,-1000
04/02/2016 19:20,SCH - HQ_CEDARS,325274,0,199,-100
04/02/2016 19:20,SCH - HQ_IMPORT_EXPORT,325376,592,1310,-9999
04/02/2016 19:20,SCH - NE - NY,23318,-1007.62,1400,-1600
04/02/2016 19:20,SCH - NPX_1385,325277,44,200,-200
04/02/2016 19:20,SCH - NPX_CSC,325154,263,330,-330
04/02/2016 19:20,SCH - OH - NY,23317,798.34,1900,-1900
04/02/2016 19:20,SCH - PJ - NY,23316,-116.86,2600,-1300
04/02/2016 19:20,SCH - PJM_HTP,325905,0,0,0
04/02/2016 19:20,SCH - PJM_NEPTUNE,325305,659.99,660,-660
04/02/2016 19:20,SCH - PJM_VFT,325658,151.98,315,-315
04/02/2016 19:20,SPR/DUN-SOUTH,23320,2111.77,4600,-9999
04/02/2016 19:20,TOTAL EAST,23314,3655.97,6500,-9999
04/02/2016 19:20,UPNY CONED,23315,1909.2,4150,-9999
04/02/2016 19:20,WEST CENTRAL,23312,1208.38,9999,-9999
04/02/2016 19:25,CENTRAL EAST - VC,23330,2303.34,2490,-9999
04/02/2016 19:25,DYSINGER EAST,23326,1538.05,3150,-9999
04/02/2016 19:25,MOSES SOUTH,23319,1253.09,2650,-1600
04/02/2016 19:25,SCH - HQ - NY,23324,851.01,1500,-1000
04/02/2016 19:25,SCH - HQ_CEDARS,325274,0,199,-100
04/02/2016 19:25,SCH - HQ_IMPORT_EXPORT,325376,592,1310,-9999
04/02/2016 19:25,SCH - NE - NY,23318,-1007.51,1400,-1600
04/02/2016 19:25,SCH - NPX_1385,325277,44,200,-200
04/02/2016 19:25,SCH - NPX_CSC,325154,263,330,-330
04/02/2016 19:25,SCH - OH - NY,23317,794.51,1900,-1900
04/02/2016 19:25,SCH - PJ - NY,23316,-128.09,2600,-1300
04/02/2016 19:25,SCH - PJM_HTP,325905,0,0,0
04/02/2016 19:25,SCH - PJM_NEPTUNE,325305,660,660,-660
04/02/2016 19:25,SCH - PJM_VFT,325658,151.99,315,-315
04/02/2016 19:25,SPR/DUN-SOUTH,23320,1956.9,4600,-9999
04/02/2016 19:25,TOTAL EAST,23314,3531.14,6500,-9999
04/02/2016 19:25,UPNY CONED,23315,1774.46,4150,-9999
04/02/2016 19:25,WEST CENTRAL,23312,1087.9,9999,-9999
04/02/2016 19:30,CENTRAL EAST - VC,23330,2191.04,2490,-9999
04/02/2016 19:30,DYSINGER EAST,23326,1435.69,3150,-9999
04/02/2016 19:30,MOSES SOUTH,23319,1259.83,2650,-1600
04/02/2016 19:30,SCH - HQ - NY,23324,851.02,1500,-1000
04/02/2016 19:30,SCH - HQ_CEDARS,325274,0,199,-100
04/02/2016 19:30,SCH - HQ_IMPORT_EXPORT,325376,592,1310,-9999
04/02/2016 19:30,SCH - NE - NY,23318,-1033.7,1400,-1600
04/02/2016 19:30,SCH - NPX_1385,325277,44,200,-200
04/02/2016 19:30,SCH - NPX_CSC,325154,263,330,-330
04/02/2016 19:30,SCH - OH - NY,23317,794.39,1900,-1900
04/02/2016 19:30,SCH - PJ - NY,23316,-89.33,2600,-1300
04/02/2016 19:30,SCH - PJM_HTP,325905,0,0,0
04/02/2016 19:30,SCH - PJM_NEPTUNE,325305,659.99,660,-660
04/02/2016 19:30,SCH - PJM_VFT,325658,151.97,315,-315
04/02/2016 19:30,SPR/DUN-SOUTH,23320,1825.17,4600,-9999
04/02/2016 19:30,TOTAL EAST,23314,3387.71,6500,-9999
04/02/2016 19:30,UPNY CONED,23315,1611.6,4150,-9999
04/02/2016 19:30,WEST CENTRAL,23312,985.19,9999,-9999
04/02/2016 19:35,CENTRAL EAST - VC,23330,2120.19,2490,-9999
04/02/2016 19:35,DYSINGER EAST,23326,1318.04,3150,-9999
04/02/2016 19:35,MOSES SOUTH,23319,1254.59,2650,-1600
04/02/2016 19:35,SCH - HQ - NY,23324,851.01,1500,-1000
04/02/2016 19:35,SCH - HQ_CEDARS,325274,0,199,-100
04/02/2016 19:35,SCH - HQ_IMPORT_EXPORT,325376,592,1310,-9999
04/02/2016 19:35,SCH - NE - NY,23318,-1060.69,1400,-1600
04/02/2016 19:35,SCH - NPX_1385,325277,44,200,-200
04/02/2016 19:35,SCH - NPX_CSC,325154,263,330,-330
04/02/2016 19:35,SCH - OH - NY,23317,797.51,1900,-1900
04/02/2016 19:35,SCH - PJ - NY,23316,-53.56,2600,-1300
04/02/2016 19:35,SCH - PJM_HTP,325905,0,0,0
04/02/2016 19:35,SCH - PJM_NEPTUNE,325305,660,660,-660
04/02/2016 19:35,SCH - PJM_VFT,325658,151.99,315,-315
04/02/2016 19:35,SPR/DUN-SOUTH,23320,1694.53,4600,-9999
04/02/2016 19:35,TOTAL EAST,23314,3261.85,6500,-9999
04/02/2016 19:35,UPNY CONED,23315,1480.25,4150,-9999
04/02/2016 19:35,WEST CENTRAL,23312,866.89,9999,-9999
04/02/2016 19:40,CENTRAL EAST - VC,23330,2120.57,2490,-9999
04/02/2016 19:40,DYSINGER EAST,23326,1425.64,3150,-9999
04/02/2016 19:40,MOSES SOUTH,23319,1249.61,2650,-1600
04/02/2016 19:40,SCH - HQ - NY,23324,851.01,1500,-1000
04/02/2016 19:40,SCH - HQ_CEDARS,325274,0,199,-100
04/02/2016 19:40,SCH - HQ_IMPORT_EXPORT,325376,592,1310,-9999
04/02/2016 19:40,SCH - NE - NY,23318,-1060.74,1400,-1600
04/02/2016 19:40,SCH - NPX_1385,325277,44,200,-200
04/02/2016 19:40,SCH - NPX_CSC,325154,263,330,-330
04/02/2016 19:40,SCH - OH - NY,23317,795.21,1900,-1900
04/02/2016 19:40,SCH - PJ - NY,23316,-49.34,2600,-1300
04/02/2016 19:40,SCH - PJM_HTP,325905,0,0,0
04/02/2016 19:40,SCH - PJM_NEPTUNE,325305,660,660,-660
04/02/2016 19:40,SCH - PJM_VFT,325658,151.98,315,-315
04/02/2016 19:40,SPR/DUN-SOUTH,23320,1642.05,4600,-9999
04/02/2016 19:40,TOTAL EAST,23314,3238.38,6500,-9999
04/02/2016 19:40,UPNY CONED,23315,1442.3,4150,-9999
04/02/2016 19:40,WEST CENTRAL,23312,960.79,9999,-9999
04/02/2016 19:45,CENTRAL EAST - VC,23330,2043.37,2490,-9999
04/02/2016 19:45,DYSINGER EAST,23326,1336.06,3150,-9999
04/02/2016 19:45,MOSES SOUTH,23319,1212,2650,-1600
04/02/2016 19:45,SCH - HQ - NY,23324,851.04,1500,-1000
04/02/2016 19:45,SCH - HQ_CEDARS,325274,0,199,-100
04/02/2016 19:45,SCH - HQ_IMPORT_EXPORT,325376,592,1310,-9999
04/02/2016 19:45,SCH - NE - NY,23318,-972.4,1400,-1600
04/02/2016 19:45,SCH - NPX_1385,325277,44,200,-200
04/02/2016 19:45,SCH - NPX_CSC,325154,263,330,-330
04/02/2016 19:45,SCH - OH - NY,23317,797.65,1900,-1900
04/02/2016 19:45,SCH - PJ - NY,23316,-45.19,2600,-1300
04/02/2016 19:45,SCH - PJM_HTP,325905,0,0,0
04/02/2016 19:45,SCH - PJM_NEPTUNE,325305,659.99,660,-660
04/02/2016 19:45,SCH - PJM_VFT,325658,151.97,315,-315
04/02/2016 19:45,SPR/DUN-SOUTH,23320,1612.82,4600,-9999
04/02/2016 19:45,TOTAL EAST,23314,3098.93,6500,-9999
04/02/2016 19:45,UPNY CONED,23315,1416.1,4150,-9999
04/02/2016 19:45,WEST CENTRAL,23312,860.64,9999,-9999
04/02/2016 19:50,CENTRAL EAST - VC,23330,2128.76,2490,-9999
04/02/2016 19:50,DYSINGER EAST,23326,1488.88,3150,-9999
04/02/2016 19:50,MOSES SOUTH,23319,1223.24,2650,-1600
04/02/2016 19:50,SCH - HQ - NY,23324,851.01,1500,-1000
04/02/2016 19:50,SCH - HQ_CEDARS,325274,0,199,-100
04/02/2016 19:50,SCH - HQ_IMPORT_EXPORT,325376,592,1310,-9999
04/02/2016 19:50,SCH - NE - NY,23318,-883.68,1400,-1600
04/02/2016 19:50,SCH - NPX_1385,325277,44,200,-200
04/02/2016 19:50,SCH - NPX_CSC,325154,263,330,-330
04/02/2016 19:50,SCH - OH - NY,23317,799.7,1900,-1900
04/02/2016 19:50,SCH - PJ - NY,23316,-34.22,2600,-1300
04/02/2016 19:50,SCH - PJM_HTP,325905,0,0,0
04/02/2016 19:50,SCH - PJM_NEPTUNE,325305,660,660,-660
04/02/2016 19:50,SCH - PJM_VFT,325658,151.99,315,-315
04/02/2016 19:50,SPR/DUN-SOUTH,23320,1756.72,4600,-9999
04/02/2016 19:50,TOTAL EAST,23314,3216.35,6500,-9999
04/02/2016 19:50,UPNY CONED,23315,1594.13,4150,-9999
04/02/2016 19:50,WEST CENTRAL,23312,1007.3,9999,-9999
04/02/2016 19:55,CENTRAL EAST - VC,23330,2136.43,2490,-9999
04/02/2016 19:55,DYSINGER EAST,23326,1535.5,3150,-9999
04/02/2016 19:55,MOSES SOUTH,23319,1198.69,2650,-1600
04/02/2016 19:55,SCH - HQ - NY,23324,851,1500,-1000
04/02/2016 19:55,SCH - HQ_CEDARS,325274,0,199,-100
04/02/2016 19:55,SCH - HQ_IMPORT_EXPORT,325376,592,1310,-9999
04/02/2016 19:55,SCH - NE - NY,23318,-883.83,1400,-1600
04/02/2016 19:55,SCH - NPX_1385,325277,44,200,-200
04/02/2016 19:55,SCH - NPX_CSC,325154,263,330,-330
04/02/2016 19:55,SCH - OH - NY,23317,797.64,1900,-1900
04/02/2016 19:55,SCH - PJ - NY,23316,-33.76,2600,-1300
04/02/2016 19:55,SCH - PJM_HTP,325905,0,0,0
04/02/2016 19:55,SCH - PJM_NEPTUNE,325305,660,660,-660
04/02/2016 19:55,SCH - PJM_VFT,325658,152,315,-315
04/02/2016 19:55,SPR/DUN-SOUTH,23320,1708.55,4600,-9999
04/02/2016 19:55,TOTAL EAST,23314,3173.74,6500,-9999
04/02/2016 19:55,UPNY CONED,23315,1548.22,4150,-9999
04/02/2016 19:55,WEST CENTRAL,23312,1043.24,9999,-9999
04/02/2016 20:00,CENTRAL EAST - VC,23330,2226.81,2490,-9999
04/02/2016 20:00,DYSINGER EAST,23326,1673.55,3150,-9999
04/02/2016 20:00,MOSES SOUTH,23319,1213.66,2650,-1600
04/02/2016 20:00,SCH - HQ - NY,23324,880.01,1500,-1000
04/02/2016 20:00,SCH - HQ_CEDARS,325274,0,199,-100
04/02/2016 20:00,SCH - HQ_IMPORT_EXPORT,325376,621,1310,-9999
04/02/2016 20:00,SCH - NE - NY,23318,-882.52,1400,-1600
04/02/2016 20:00,SCH - NPX_1385,325277,44,200,-200
04/02/2016 20:00,SCH - NPX_CSC,325154,296,330,-330
04/02/2016 20:00,SCH - OH - NY,23317,770.49,1900,-1900
04/02/2016 20:00,SCH - PJ - NY,23316,-9.23,2600,-1300
04/02/2016 20:00,SCH - PJM_HTP,325905,0,0,0
04/02/2016 20:00,SCH - PJM_NEPTUNE,325305,660,660,-660
04/02/2016 20:00,SCH - PJM_VFT,325658,151.99,315,-315
04/02/2016 20:00,SPR/DUN-SOUTH,23320,1846.91,4600,-9999
04/02/2016 20:00,TOTAL EAST,23314,3329.03,6500,-9999
04/02/2016 20:00,UPNY CONED,23315,1655.75,4150,-9999
04/02/2016 20:00,WEST CENTRAL,23312,1170.46,9999,-9999
04/02/2016 20:05,CENTRAL EAST - VC,23330,2249.39,2490,-9999
04/02/2016 20:05,DYSINGER EAST,23326,1697.94,3150,-9999
04/02/2016 20:05,MOSES SOUTH,23319,1224.77,2650,-1600
04/02/2016 20:05,SCH - HQ - NY,23324,910,1500,-1000
04/02/2016 20:05,SCH - HQ_CEDARS,325274,0,199,-100
04/02/2016 20:05,SCH - HQ_IMPORT_EXPORT,325376,651,1310,-9999
04/02/2016 20:05,SCH - NE - NY,23318,-882.35,1400,-1600
04/02/2016 20:05,SCH - NPX_1385,325277,44,200,-200
04/02/2016 20:05,SCH - NPX_CSC,325154,330,330,-330
04/02/2016 20:05,SCH - OH - NY,23317,747.81,1900,-1900
04/02/2016 20:05,SCH - PJ - NY,23316,8.51,2600,-1300
04/02/2016 20:05,SCH - PJM_HTP,325905,0,0,0
04/02/2016 20:05,SCH - PJM_NEPTUNE,325305,660,660,-660
04/02/2016 20:05,SCH - PJM_VFT,325658,152,315,-315
04/02/2016 20:05,SPR/DUN-SOUTH,23320,1922.12,4600,-9999
04/02/2016 20:05,TOTAL EAST,23314,3312,6500,-9999
04/02/2016 20:05,UPNY CONED,23315,1681.41,4150,-9999
04/02/2016 20:05,WEST CENTRAL,23312,1186.67,9999,-9999
04/02/2016 20:10,CENTRAL EAST - VC,23330,2174.67,2490,-9999
04/02/2016 20:10,DYSINGER EAST,23326,1613.56,3150,-9999
04/02/2016 20:10,MOSES SOUTH,23319,1224.13,2650,-1600
04/02/2016 20:10,SCH - HQ - NY,23324,910,1500,-1000
04/02/2016 20:10,SCH - HQ_CEDARS,325274,0,199,-100
04/02/2016 20:10,SCH - HQ_IMPORT_EXPORT,325376,651,1310,-9999
04/02/2016 20:10,SCH - NE - NY,23318,-882.49,1400,-1600
04/02/2016 20:10,SCH - NPX_1385,325277,44,200,-200
04/02/2016 20:10,SCH - NPX_CSC,325154,330,330,-330
04/02/2016 20:10,SCH - OH - NY,23317,747.51,1900,-1900
04/02/2016 20:10,SCH - PJ - NY,23316,7.36,2600,-1300
04/02/2016 20:10,SCH - PJM_HTP,325905,0,0,0
04/02/2016 20:10,SCH - PJM_NEPTUNE,325305,660,660,-660
04/02/2016 20:10,SCH - PJM_VFT,325658,152,315,-315
04/02/2016 20:10,SPR/DUN-SOUTH,23320,1849.31,4600,-9999
04/02/2016 20:10,TOTAL EAST,23314,3299.23,6500,-9999
04/02/2016 20:10,UPNY CONED,23315,1599.65,4150,-9999
04/02/2016 20:10,WEST CENTRAL,23312,1108.65,9999,-9999
04/02/2016 20:15,CENTRAL EAST - VC,23330,2153.3,2490,-9999
04/02/2016 20:15,DYSINGER EAST,23326,1587.34,3150,-9999
04/02/2016 20:15,MOSES SOUTH,23319,1196.59,2650,-1600
04/02/2016 20:15,SCH - HQ - NY,23324,910.01,1500,-1000
04/02/2016 20:15,SCH - HQ_CEDARS,325274,0,199,-100
04/02/2016 20:15,SCH - HQ_IMPORT_EXPORT,325376,651,1310,-9999
04/02/2016 20:15,SCH - NE - NY,23318,-871.97,1400,-1600
04/02/2016 20:15,SCH - NPX_1385,325277,44,200,-200
04/02/2016 20:15,SCH - NPX_CSC,325154,330,330,-330
04/02/2016 20:15,SCH - OH - NY,23317,745.14,1900,-1900
04/02/2016 20:15,SCH - PJ - NY,23316,2.52,2600,-1300
04/02/2016 20:15,SCH - PJM_HTP,325905,0,0,0
04/02/2016 20:15,SCH - PJM_NEPTUNE,325305,660,660,-660
04/02/2016 20:15,SCH - PJM_VFT,325658,151.99,315,-315
04/02/2016 20:15,SPR/DUN-SOUTH,23320,1848.53,4600,-9999
04/02/2016 20:15,TOTAL EAST,23314,3294.99,6500,-9999
04/02/2016 20:15,UPNY CONED,23315,1596.16,4150,-9999
04/02/2016 20:15,WEST CENTRAL,23312,1083.57,9999,-9999
04/02/2016 20:20,CENTRAL EAST - VC,23330,2221.41,2490,-9999
04/02/2016 20:20,DYSINGER EAST,23326,1616.04,3150,-9999
04/02/2016 20:20,MOSES SOUTH,23319,1212.81,2650,-1600
04/02/2016 20:20,SCH - HQ - NY,23324,910.02,1500,-1000
04/02/2016 20:20,SCH - HQ_CEDARS,325274,0,199,-100
04/02/2016 20:20,SCH - HQ_IMPORT_EXPORT,325376,651,1310,-9999
04/02/2016 20:20,SCH - NE - NY,23318,-861.73,1400,-1600
04/02/2016 20:20,SCH - NPX_1385,325277,44,200,-200
04/02/2016 20:20,SCH - NPX_CSC,325154,330,330,-330
04/02/2016 20:20,SCH - OH - NY,23317,745.05,1900,-1900
04/02/2016 20:20,SCH - PJ - NY,23316,3.46,2600,-1300
04/02/2016 20:20,SCH - PJM_HTP,325905,0,0,0
04/02/2016 20:20,SCH - PJM_NEPTUNE,325305,660,660,-660
04/02/2016 20:20,SCH - PJM_VFT,325658,150.97,315,-315
04/02/2016 20:20,SPR/DUN-SOUTH,23320,1973.99,4600,-9999
04/02/2016 20:20,TOTAL EAST,23314,3356.46,6500,-9999
04/02/2016 20:20,UPNY CONED,23315,1713.3,4150,-9999
04/02/2016 20:20,WEST CENTRAL,23312,1134.9,9999,-9999
04/02/2016 20:25,CENTRAL EAST - VC,23330,2197.35,2490,-9999
04/02/2016 20:25,DYSINGER EAST,23326,1551.02,3150,-9999
04/02/2016 20:25,MOSES SOUTH,23319,1217.29,2650,-1600
04/02/2016 20:25,SCH - HQ - NY,23324,910.02,1500,-1000
04/02/2016 20:25,SCH - HQ_CEDARS,325274,0,199,-100
04/02/2016 20:25,SCH - HQ_IMPORT_EXPORT,325376,651,1310,-9999
04/02/2016 20:25,SCH - NE - NY,23318,-861.74,1400,-1600
04/02/2016 20:25,SCH - NPX_1385,325277,44,200,-200
04/02/2016 20:25,SCH - NPX_CSC,325154,330,330,-330
04/02/2016 20:25,SCH - OH - NY,23317,745.35,1900,-1900
04/02/2016 20:25,SCH - PJ - NY,23316,2.08,2600,-1300
04/02/2016 20:25,SCH - PJM_HTP,325905,0,0,0
04/02/2016 20:25,SCH - PJM_NEPTUNE,325305,660,660,-660
04/02/2016 20:25,SCH - PJM_VFT,325658,150.99,315,-315
04/02/2016 20:25,SPR/DUN-SOUTH,23320,1968.94,4600,-9999
04/02/2016 20:25,TOTAL EAST,23314,3365.59,6500,-9999
04/02/2016 20:25,UPNY CONED,23315,1699.02,4150,-9999
04/02/2016 20:25,WEST CENTRAL,23312,1077.14,9999,-9999
04/02/2016 20:30,CENTRAL EAST - VC,23330,2197.92,2490,-9999
04/02/2016 20:30,DYSINGER EAST,23326,1575.43,3150,-9999
04/02/2016 20:30,MOSES SOUTH,23319,1206.71,2650,-1600
04/02/2016 20:30,SCH - HQ - NY,23324,910,1500,-1000
04/02/2016 20:30,SCH - HQ_CEDARS,325274,0,199,-100
04/02/2016 20:30,SCH - HQ_IMPORT_EXPORT,325376,651,1310,-9999
04/02/2016 20:30,SCH - NE - NY,23318,-818.85,1400,-1600
04/02/2016 20:30,SCH - NPX_1385,325277,44,200,-200
04/02/2016 20:30,SCH - NPX_CSC,325154,330,330,-330
04/02/2016 20:30,SCH - OH - NY,23317,746.9,1900,-1900
04/02/2016 20:30,SCH - PJ - NY,23316,-19.63,2600,-1300
04/02/2016 20:30,SCH - PJM_HTP,325905,0,0,0
04/02/2016 20:30,SCH - PJM_NEPTUNE,325305,660,660,-660
04/02/2016 20:30,SCH - PJM_VFT,325658,151,315,-315
04/02/2016 20:30,SPR/DUN-SOUTH,23320,2038.46,4600,-9999
04/02/2016 20:30,TOTAL EAST,23314,3359.25,6500,-9999
04/02/2016 20:30,UPNY CONED,23315,1743.92,4150,-9999
04/02/2016 20:30,WEST CENTRAL,23312,1107.02,9999,-9999
04/02/2016 20:35,CENTRAL EAST - VC,23330,2159.5,2490,-9999
04/02/2016 20:35,DYSINGER EAST,23326,1554.17,3150,-9999
04/02/2016 20:35,MOSES SOUTH,23319,1191.37,2650,-1600
04/02/2016 20:35,SCH - HQ - NY,23324,910.03,1500,-1000
04/02/2016 20:35,SCH - HQ_CEDARS,325274,0,199,-100
04/02/2016 20:35,SCH - HQ_IMPORT_EXPORT,325376,651,1310,-9999
04/02/2016 20:35,SCH - NE - NY,23318,-777.25,1400,-1600
04/02/2016 20:35,SCH - NPX_1385,325277,44,200,-200
04/02/2016 20:35,SCH - NPX_CSC,325154,330,330,-330
04/02/2016 20:35,SCH - OH - NY,23317,743.56,1900,-1900
04/02/2016 20:35,SCH - PJ - NY,23316,-36.7,2600,-1300
04/02/2016 20:35,SCH - PJM_HTP,325905,0,0,0
04/02/2016 20:35,SCH - PJM_NEPTUNE,325305,660,660,-660
04/02/2016 20:35,SCH - PJM_VFT,325658,150.98,315,-315
04/02/2016 20:35,SPR/DUN-SOUTH,23320,2039.87,4600,-9999
04/02/2016 20:35,TOTAL EAST,23314,3355.82,6500,-9999
04/02/2016 20:35,UPNY CONED,23315,1748.76,4150,-9999
04/02/2016 20:35,WEST CENTRAL,23312,1089.58,9999,-9999
04/02/2016 20:40,CENTRAL EAST - VC,23330,2148.57,2490,-9999
04/02/2016 20:40,DYSINGER EAST,23326,1563.59,3150,-9999
04/02/2016 20:40,MOSES SOUTH,23319,1201.11,2650,-1600
04/02/2016 20:40,SCH - HQ - NY,23324,910.03,1500,-1000
04/02/2016 20:40,SCH - HQ_CEDARS,325274,0,199,-100
04/02/2016 20:40,SCH - HQ_IMPORT_EXPORT,325376,651,1310,-9999
04/02/2016 20:40,SCH - NE - NY,23318,-777.28,1400,-1600
04/02/2016 20:40,SCH - NPX_1385,325277,44,200,-200
04/02/2016 20:40,SCH - NPX_CSC,325154,330,330,-330
04/02/2016 20:40,SCH - OH - NY,23317,747.98,1900,-1900
04/02/2016 20:40,SCH - PJ - NY,23316,-40.5,2600,-1300
04/02/2016 20:40,SCH - PJM_HTP,325905,0,0,0
04/02/2016 20:40,SCH - PJM_NEPTUNE,325305,660,660,-660
04/02/2016 20:40,SCH - PJM_VFT,325658,150.96,315,-315
04/02/2016 20:40,SPR/DUN-SOUTH,23320,2003.52,4600,-9999
04/02/2016 20:40,TOTAL EAST,23314,3368.42,6500,-9999
04/02/2016 20:40,UPNY CONED,23315,1714,4150,-9999
04/02/2016 20:40,WEST CENTRAL,23312,1104.48,9999,-9999
04/02/2016 20:45,CENTRAL EAST - VC,23330,2143.29,2490,-9999
04/02/2016 20:45,DYSINGER EAST,23326,1545.02,3150,-9999
04/02/2016 20:45,MOSES SOUTH,23319,1169.4,2650,-1600
04/02/2016 20:45,SCH - HQ - NY,23324,910.02,1500,-1000
04/02/2016 20:45,SCH - HQ_CEDARS,325274,0,199,-100
04/02/2016 20:45,SCH - HQ_IMPORT_EXPORT,325376,651,1310,-9999
04/02/2016 20:45,SCH - NE - NY,23318,-677.32,1400,-1600
04/02/2016 20:45,SCH - NPX_1385,325277,44,200,-200
04/02/2016 20:45,SCH - NPX_CSC,325154,330,330,-330
04/02/2016 20:45,SCH - OH - NY,23317,741.36,1900,-1900
04/02/2016 20:45,SCH - PJ - NY,23316,-32.23,2600,-1300
04/02/2016 20:45,SCH - PJM_HTP,325905,0,0,0
04/02/2016 20:45,SCH - PJM_NEPTUNE,325305,660,660,-660
04/02/2016 20:45,SCH - PJM_VFT,325658,150.97,315,-315
04/02/2016 20:45,SPR/DUN-SOUTH,23320,2116.36,4600,-9999
04/02/2016 20:45,TOTAL EAST,23314,3407.33,6500,-9999
04/02/2016 20:45,UPNY CONED,23315,1855.9,4150,-9999
04/02/2016 20:45,WEST CENTRAL,23312,1088.71,9999,-9999
04/02/2016 20:50,CENTRAL EAST - VC,23330,2126.02,2490,-9999
04/02/2016 20:50,DYSINGER EAST,23326,1504.48,3150,-9999
04/02/2016 20:50,MOSES SOUTH,23319,1169.61,2650,-1600
04/02/2016 20:50,SCH - HQ - NY,23324,910.02,1500,-1000
04/02/2016 20:50,SCH - HQ_CEDARS,325274,0,199,-100
04/02/2016 20:50,SCH - HQ_IMPORT_EXPORT,325376,651,1310,-9999
04/02/2016 20:50,SCH - NE - NY,23318,-577.6,1400,-1600
04/02/2016 20:50,SCH - NPX_1385,325277,44,200,-200
04/02/2016 20:50,SCH - NPX_CSC,325154,330,330,-330
04/02/2016 20:50,SCH - OH - NY,23317,740.1,1900,-1900
04/02/2016 20:50,SCH - PJ - NY,23316,-32.78,2600,-1300
04/02/2016 20:50,SCH - PJM_HTP,325905,0,0,0
04/02/2016 20:50,SCH - PJM_NEPTUNE,325305,660,660,-660
04/02/2016 20:50,SCH - PJM_VFT,325658,150.98,315,-315
04/02/2016 20:50,SPR/DUN-SOUTH,23320,2134.19,4600,-9999
04/02/2016 20:50,TOTAL EAST,23314,3375.94,6500,-9999
04/02/2016 20:50,UPNY CONED,23315,1900.27,4150,-9999
04/02/2016 20:50,WEST CENTRAL,23312,1055.45,9999,-9999
04/02/2016 20:55,CENTRAL EAST - VC,23330,2147.25,2490,-9999
04/02/2016 20:55,DYSINGER EAST,23326,1525.94,3150,-9999
04/02/2016 20:55,MOSES SOUTH,23319,1151.04,2650,-1600
04/02/2016 20:55,SCH - HQ - NY,23324,910,1500,-1000
04/02/2016 20:55,SCH - HQ_CEDARS,325274,0,199,-100
04/02/2016 20:55,SCH - HQ_IMPORT_EXPORT,325376,651,1310,-9999
04/02/2016 20:55,SCH - NE - NY,23318,-577.52,1400,-1600
04/02/2016 20:55,SCH - NPX_1385,325277,44,200,-200
04/02/2016 20:55,SCH - NPX_CSC,325154,330,330,-330
04/02/2016 20:55,SCH - OH - NY,23317,744.25,1900,-1900
04/02/2016 20:55,SCH - PJ - NY,23316,-36.19,2600,-1300
04/02/2016 20:55,SCH - PJM_HTP,325905,0,0,0
04/02/2016 20:55,SCH - PJM_NEPTUNE,325305,660,660,-660
04/02/2016 20:55,SCH - PJM_VFT,325658,151,315,-315
04/02/2016 20:55,SPR/DUN-SOUTH,23320,2107.64,4600,-9999
04/02/2016 20:55,TOTAL EAST,23314,3417.2,6500,-9999
04/02/2016 20:55,UPNY CONED,23315,1894.65,4150,-9999
04/02/2016 20:55,WEST CENTRAL,23312,1084.25,9999,-9999
04/02/2016 21:00,CENTRAL EAST - VC,23330,2183.08,2490,-9999
04/02/2016 21:00,DYSINGER EAST,23326,1637.06,3150,-9999
04/02/2016 21:00,MOSES SOUTH,23319,1082.24,2650,-1600
04/02/2016 21:00,SCH - HQ - NY,23324,893,1500,-1000
04/02/2016 21:00,SCH - HQ_CEDARS,325274,0,199,-100
04/02/2016 21:00,SCH - HQ_IMPORT_EXPORT,325376,634,1310,-9999
04/02/2016 21:00,SCH - NE - NY,23318,-672.01,1400,-1600
04/02/2016 21:00,SCH - NPX_1385,325277,66,200,-200
04/02/2016 21:00,SCH - NPX_CSC,325154,330,330,-330
04/02/2016 21:00,SCH - OH - NY,23317,797.91,1900,-1900
04/02/2016 21:00,SCH - PJ - NY,23316,45.08,2600,-1300
04/02/2016 21:00,SCH - PJM_HTP,325905,0,0,0
04/02/2016 21:00,SCH - PJM_NEPTUNE,325305,660,660,-660
04/02/2016 21:00,SCH - PJM_VFT,325658,151,315,-315
04/02/2016 21:00,SPR/DUN-SOUTH,23320,2086.48,4600,-9999
04/02/2016 21:00,TOTAL EAST,23314,3488.85,6500,-9999
04/02/2016 21:00,UPNY CONED,23315,1921.19,4150,-9999
04/02/2016 21:00,WEST CENTRAL,23312,1195.55,9999,-9999
04/02/2016 21:05,CENTRAL EAST - VC,23330,2183.51,2490,-9999
04/02/2016 21:05,DYSINGER EAST,23326,1606.89,3150,-9999
04/02/2016 21:05,MOSES SOUTH,23319,1066.89,2650,-1600
04/02/2016 21:05,SCH - HQ - NY,23324,876,1500,-1000
04/02/2016 21:05,SCH - HQ_CEDARS,325274,0,199,-100
04/02/2016 21:05,SCH - HQ_IMPORT_EXPORT,325376,617,1310,-9999
04/02/2016 21:05,SCH - NE - NY,23318,-767.45,1400,-1600
04/02/2016 21:05,SCH - NPX_1385,325277,88,200,-200
04/02/2016 21:05,SCH - NPX_CSC,325154,330,330,-330
04/02/2016 21:05,SCH - OH - NY,23317,848.5,1900,-1900
04/02/2016 21:05,SCH - PJ - NY,23316,140.17,2600,-1300
04/02/2016 21:05,SCH - PJM_HTP,325905,0,0,0
04/02/2016 21:05,SCH - PJM_NEPTUNE,325305,660,660,-660
04/02/2016 21:05,SCH - PJM_VFT,325658,152,315,-315
04/02/2016 21:05,SPR/DUN-SOUTH,23320,2113.26,4600,-9999
04/02/2016 21:05,TOTAL EAST,23314,3624.63,6500,-9999
04/02/2016 21:05,UPNY CONED,23315,1933.41,4150,-9999
04/02/2016 21:05,WEST CENTRAL,23312,1168.19,9999,-9999
04/02/2016 21:10,CENTRAL EAST - VC,23330,2141.82,2490,-9999
04/02/2016 21:10,DYSINGER EAST,23326,1529.74,3150,-9999
04/02/2016 21:10,MOSES SOUTH,23319,1133.22,2650,-1600
04/02/2016 21:10,SCH - HQ - NY,23324,876.04,1500,-1000
04/02/2016 21:10,SCH - HQ_CEDARS,325274,0,199,-100
04/02/2016 21:10,SCH - HQ_IMPORT_EXPORT,325376,617,1310,-9999
04/02/2016 21:10,SCH - NE - NY,23318,-768.12,1400,-1600
04/02/2016 21:10,SCH - NPX_1385,325277,88,200,-200
04/02/2016 21:10,SCH - NPX_CSC,325154,330,330,-330
04/02/2016 21:10,SCH - OH - NY,23317,846.71,1900,-1900
04/02/2016 21:10,SCH - PJ - NY,23316,152.06,2600,-1300
04/02/2016 21:10,SCH - PJM_HTP,325905,0,0,0
04/02/2016 21:10,SCH - PJM_NEPTUNE,325305,659.99,660,-660
04/02/2016 21:10,SCH - PJM_VFT,325658,151.98,315,-315
04/02/2016 21:10,SPR/DUN-SOUTH,23320,1978.16,4600,-9999
04/02/2016 21:10,TOTAL EAST,23314,3567.85,6500,-9999
04/02/2016 21:10,UPNY CONED,23315,1804.94,4150,-9999
04/02/2016 21:10,WEST CENTRAL,23312,1102.96,9999,-9999
04/02/2016 21:15,CENTRAL EAST - VC,23330,2103.34,2490,-9999
04/02/2016 21:15,DYSINGER EAST,23326,1419.09,3150,-9999
04/02/2016 21:15,MOSES SOUTH,23319,1154.17,2650,-1600
04/02/2016 21:15,SCH - HQ - NY,23324,876.03,1500,-1000
04/02/2016 21:15,SCH - HQ_CEDARS,325274,0,199,-100
04/02/2016 21:15,SCH - HQ_IMPORT_EXPORT,325376,617.02,1310,-9999
04/02/2016 21:15,SCH - NE - NY,23318,-685.97,1400,-1600
04/02/2016 21:15,SCH - NPX_1385,325277,88,200,-200
04/02/2016 21:15,SCH - NPX_CSC,325154,330,330,-330
04/02/2016 21:15,SCH - OH - NY,23317,846.73,1900,-1900
04/02/2016 21:15,SCH - PJ - NY,23316,154.56,2600,-1300
04/02/2016 21:15,SCH - PJM_HTP,325905,0,0,0
04/02/2016 21:15,SCH - PJM_NEPTUNE,325305,660,660,-660
04/02/2016 21:15,SCH - PJM_VFT,325658,151.99,315,-315
04/02/2016 21:15,SPR/DUN-SOUTH,23320,1950.84,4600,-9999
04/02/2016 21:15,TOTAL EAST,23314,3425.18,6500,-9999
04/02/2016 21:15,UPNY CONED,23315,1683.96,4150,-9999
04/02/2016 21:15,WEST CENTRAL,23312,1000.51,9999,-9999
04/02/2016 21:20,CENTRAL EAST - VC,23330,2150.46,2490,-9999
04/02/2016 21:20,DYSINGER EAST,23326,1527.83,3150,-9999
04/02/2016 21:20,MOSES SOUTH,23319,1137.99,2650,-1600
04/02/2016 21:20,SCH - HQ - NY,23324,876.02,1500,-1000
04/02/2016 21:20,SCH - HQ_CEDARS,325274,0,199,-100
04/02/2016 21:20,SCH - HQ_IMPORT_EXPORT,325376,617,1310,-9999
04/02/2016 21:20,SCH - NE - NY,23318,-604.43,1400,-1600
04/02/2016 21:20,SCH - NPX_1385,325277,88,200,-200
04/02/2016 21:20,SCH - NPX_CSC,325154,330,330,-330
04/02/2016 21:20,SCH - OH - NY,23317,846.46,1900,-1900
04/02/2016 21:20,SCH - PJ - NY,23316,153.67,2600,-1300
04/02/2016 21:20,SCH - PJM_HTP,325905,0,0,0
04/02/2016 21:20,SCH - PJM_NEPTUNE,325305,660,660,-660
04/02/2016 21:20,SCH - PJM_VFT,325658,151.98,315,-315
04/02/2016 21:20,SPR/DUN-SOUTH,23320,2109.11,4600,-9999
04/02/2016 21:20,TOTAL EAST,23314,3607.04,6500,-9999
04/02/2016 21:20,UPNY CONED,23315,1849.76,4150,-9999
04/02/2016 21:20,WEST CENTRAL,23312,1107.74,9999,-9999
04/02/2016 21:23,CENTRAL EAST - VC,23330,2110.87,2490,-9999
04/02/2016 21:23,DYSINGER EAST,23326,1508.38,3150,-9999
04/02/2016 21:23,MOSES SOUTH,23319,1155.37,2650,-1600
04/02/2016 21:23,SCH - HQ - NY,23324,876.02,1500,-1000
04/02/2016 21:23,SCH - HQ_CEDARS,325274,0,199,-100
04/02/2016 21:23,SCH - HQ_IMPORT_EXPORT,325376,617,1310,-9999
04/02/2016 21:23,SCH - NE - NY,23318,-604.47,1400,-1600
04/02/2016 21:23,SCH - NPX_1385,325277,88,200,-200
04/02/2016 21:23,SCH - NPX_CSC,325154,330,330,-330
04/02/2016 21:23,SCH - OH - NY,23317,845.6,1900,-1900
04/02/2016 21:23,SCH - PJ - NY,23316,150.11,2600,-1300
04/02/2016 21:23,SCH - PJM_HTP,325905,0,0,0
04/02/2016 21:23,SCH - PJM_NEPTUNE,325305,660,660,-660
04/02/2016 21:23,SCH - PJM_VFT,325658,151.98,315,-315
04/02/2016 21:23,SPR/DUN-SOUTH,23320,2141.45,4600,-9999
04/02/2016 21:23,TOTAL EAST,23314,3471.02,6500,-9999
04/02/2016 21:23,UPNY CONED,23315,1871.27,4150,-9999
04/02/2016 21:23,WEST CENTRAL,23312,1084.33,9999,-9999
04/02/2016 21:24,CENTRAL EAST - VC,23330,2106.27,2490,-9999
04/02/2016 21:24,DYSINGER EAST,23326,1491.67,3150,-9999
04/02/2016 21:24,MOSES SOUTH,23319,1149.36,2650,-1600
04/02/2016 21:24,SCH - HQ - NY,23324,876.02,1500,-1000
04/02/2016 21:24,SCH - HQ_CEDARS,325274,0,199,-100
04/02/2016 21:24,SCH - HQ_IMPORT_EXPORT,325376,617,1310,-9999
04/02/2016 21:24,SCH - NE - NY,23318,-604.47,1400,-1600
04/02/2016 21:24,SCH - NPX_1385,325277,88,200,-200
04/02/2016 21:24,SCH - NPX_CSC,325154,330,330,-330
04/02/2016 21:24,SCH - OH - NY,23317,844.42,1900,-1900
04/02/2016 21:24,SCH - PJ - NY,23316,156.23,2600,-1300
04/02/2016 21:24,SCH - PJM_HTP,325905,0,0,0
04/02/2016 21:24,SCH - PJM_NEPTUNE,325305,660,660,-660
04/02/2016 21:24,SCH - PJM_VFT,325658,151.98,315,-315
04/02/2016 21:24,SPR/DUN-SOUTH,23320,2162.44,4600,-9999
04/02/2016 21:24,TOTAL EAST,23314,3464.32,6500,-9999
04/02/2016 21:24,UPNY CONED,23315,1884.09,4150,-9999
04/02/2016 21:24,WEST CENTRAL,23312,1068.22,9999,-9999
04/02/2016 21:25,CENTRAL EAST - VC,23330,2191.18,2490,-9999
04/02/2016 21:25,DYSINGER EAST,23326,1638.53,3150,-9999
04/02/2016 21:25,MOSES SOUTH,23319,1163.24,2650,-1600
04/02/2016 21:25,SCH - HQ - NY,23324,876.01,1500,-1000
04/02/2016 21:25,SCH - HQ_CEDARS,325274,0,199,-100
04/02/2016 21:25,SCH - HQ_IMPORT_EXPORT,325376,617,1310,-9999
04/02/2016 21:25,SCH - NE - NY,23318,-604.54,1400,-1600
04/02/2016 21:25,SCH - NPX_1385,325277,88,200,-200
04/02/2016 21:25,SCH - NPX_CSC,325154,330,330,-330
04/02/2016 21:25,SCH - OH - NY,23317,846.65,1900,-1900
04/02/2016 21:25,SCH - PJ - NY,23316,152.85,2600,-1300
04/02/2016 21:25,SCH - PJM_HTP,325905,0,0,0
04/02/2016 21:25,SCH - PJM_NEPTUNE,325305,660,660,-660
04/02/2016 21:25,SCH - PJM_VFT,325658,151.99,315,-315
04/02/2016 21:25,SPR/DUN-SOUTH,23320,2291.11,4600,-9999
04/02/2016 21:25,TOTAL EAST,23314,3656.1,6500,-9999
04/02/2016 21:25,UPNY CONED,23315,2016.71,4150,-9999
04/02/2016 21:25,WEST CENTRAL,23312,1213.67,9999,-9999
04/02/2016 21:35,CENTRAL EAST - VC,23330,2228.02,2490,-9999
04/02/2016 21:35,DYSINGER EAST,23326,1675.27,3150,-9999
04/02/2016 21:35,MOSES SOUTH,23319,1179.86,2650,-1600
04/02/2016 21:35,SCH - HQ - NY,23324,876.02,1500,-1000
04/02/2016 21:35,SCH - HQ_CEDARS,325274,0,199,-100
04/02/2016 21:35,SCH - HQ_IMPORT_EXPORT,325376,617,1310,-9999
04/02/2016 21:35,SCH - NE - NY,23318,-617.45,1400,-1600
04/02/2016 21:35,SCH - NPX_1385,325277,88,200,-200
04/02/2016 21:35,SCH - NPX_CSC,325154,330,330,-330
04/02/2016 21:35,SCH - OH - NY,23317,848.62,1900,-1900
04/02/2016 21:35,SCH - PJ - NY,23316,151.76,2600,-1300
04/02/2016 21:35,SCH - PJM_HTP,325905,0,0,0
04/02/2016 21:35,SCH - PJM_NEPTUNE,325305,660,660,-660
04/02/2016 21:35,SCH - PJM_VFT,325658,151.99,315,-315
04/02/2016 21:35,SPR/DUN-SOUTH,23320,2352.75,4600,-9999
04/02/2016 21:35,TOTAL EAST,23314,3665.94,6500,-9999
04/02/2016 21:35,UPNY CONED,23315,2051.98,4150,-9999
04/02/2016 21:35,WEST CENTRAL,23312,1258.02,9999,-9999
04/02/2016 21:40,CENTRAL EAST - VC,23330,2232.45,2490,-9999
04/02/2016 21:40,DYSINGER EAST,23326,1594.69,3150,-9999
04/02/2016 21:40,MOSES SOUTH,23319,1151.03,2650,-1600
04/02/2016 21:40,SCH - HQ - NY,23324,876.02,1500,-1000
04/02/2016 21:40,SCH - HQ_CEDARS,325274,0,199,-100
04/02/2016 21:40,SCH - HQ_IMPORT_EXPORT,325376,617,1310,-9999
04/02/2016 21:40,SCH - NE - NY,23318,-617.38,1400,-1600
04/02/2016 21:40,SCH - NPX_1385,325277,88,200,-200
04/02/2016 21:40,SCH - NPX_CSC,325154,330,330,-330
04/02/2016 21:40,SCH - OH - NY,23317,846.35,1900,-1900
04/02/2016 21:40,SCH - PJ - NY,23316,155.47,2600,-1300
04/02/2016 21:40,SCH - PJM_HTP,325905,0,0,0
04/02/2016 21:40,SCH - PJM_NEPTUNE,325305,660,660,-660
04/02/2016 21:40,SCH - PJM_VFT,325658,151.99,315,-315
04/02/2016 21:40,SPR/DUN-SOUTH,23320,2390.99,4600,-9999
04/02/2016 21:40,TOTAL EAST,23314,3681.53,6500,-9999
04/02/2016 21:40,UPNY CONED,23315,2090.66,4150,-9999
04/02/2016 21:40,WEST CENTRAL,23312,1183.93,9999,-9999
04/02/2016 21:45,CENTRAL EAST - VC,23330,2216.58,2490,-9999
04/02/2016 21:45,DYSINGER EAST,23326,1598.66,3150,-9999
04/02/2016 21:45,MOSES SOUTH,23319,1145.94,2650,-1600
04/02/2016 21:45,SCH - HQ - NY,23324,876.03,1500,-1000
04/02/2016 21:45,SCH - HQ_CEDARS,325274,0,199,-100
04/02/2016 21:45,SCH - HQ_IMPORT_EXPORT,325376,617,1310,-9999
04/02/2016 21:45,SCH - NE - NY,23318,-602.44,1400,-1600
04/02/2016 21:45,SCH - NPX_1385,325277,88,200,-200
04/02/2016 21:45,SCH - NPX_CSC,325154,330,330,-330
04/02/2016 21:45,SCH - OH - NY,23317,846.46,1900,-1900
04/02/2016 21:45,SCH - PJ - NY,23316,78.08,2600,-1300
04/02/2016 21:45,SCH - PJM_HTP,325905,0,0,0
04/02/2016 21:45,SCH - PJM_NEPTUNE,325305,660,660,-660
04/02/2016 21:45,SCH - PJM_VFT,325658,151.98,315,-315
04/02/2016 21:45,SPR/DUN-SOUTH,23320,2376.44,4600,-9999
04/02/2016 21:45,TOTAL EAST,23314,3680.32,6500,-9999
04/02/2016 21:45,UPNY CONED,23315,2058.83,4150,-9999
04/02/2016 21:45,WEST CENTRAL,23312,1192.87,9999,-9999
04/02/2016 21:50,CENTRAL EAST - VC,23330,2201.1,2490,-9999
04/02/2016 21:50,DYSINGER EAST,23326,1561.95,3150,-9999
04/02/2016 21:50,MOSES SOUTH,23319,1132.69,2650,-1600
04/02/2016 21:50,SCH - HQ - NY,23324,876.03,1500,-1000
04/02/2016 21:50,SCH - HQ_CEDARS,325274,0,199,-100
04/02/2016 21:50,SCH - HQ_IMPORT_EXPORT,325376,617,1310,-9999
04/02/2016 21:50,SCH - NE - NY,23318,-587.47,1400,-1600
04/02/2016 21:50,SCH - NPX_1385,325277,88,200,-200
04/02/2016 21:50,SCH - NPX_CSC,325154,330,330,-330
04/02/2016 21:50,SCH - OH - NY,23317,846.22,1900,-1900
04/02/2016 21:50,SCH - PJ - NY,23316,3.65,2600,-1300
04/02/2016 21:50,SCH - PJM_HTP,325905,0,0,0
04/02/2016 21:50,SCH - PJM_NEPTUNE,325305,660,660,-660
04/02/2016 21:50,SCH - PJM_VFT,325658,151.98,315,-315
04/02/2016 21:50,SPR/DUN-SOUTH,23320,2399.76,4600,-9999
04/02/2016 21:50,TOTAL EAST,23314,3644.05,6500,-9999
04/02/2016 21:50,UPNY CONED,23315,2061.23,4150,-9999
04/02/2016 21:50,WEST CENTRAL,23312,1163.3,9999,-9999
04/02/2016 21:55,CENTRAL EAST - VC,23330,2165.97,2490,-9999
04/02/2016 21:55,DYSINGER EAST,23326,1488.84,3150,-9999
04/02/2016 21:55,MOSES SOUTH,23319,1095.44,2650,-1600
04/02/2016 21:55,SCH - HQ - NY,23324,876.02,1500,-1000
04/02/2016 21:55,SCH - HQ_CEDARS,325274,0,199,-100
04/02/2016 21:55,SCH - HQ_IMPORT_EXPORT,325376,617,1310,-9999
04/02/2016 21:55,SCH - NE - NY,23318,-587.5,1400,-1600
04/02/2016 21:55,SCH - NPX_1385,325277,88,200,-200
04/02/2016 21:55,SCH - NPX_CSC,325154,330,330,-330
04/02/2016 21:55,SCH - OH - NY,23317,846.22,1900,-1900
04/02/2016 21:55,SCH - PJ - NY,23316,5.24,2600,-1300
04/02/2016 21:55,SCH - PJM_HTP,325905,0,0,0
04/02/2016 21:55,SCH - PJM_NEPTUNE,325305,660,660,-660
04/02/2016 21:55,SCH - PJM_VFT,325658,151.98,315,-315
04/02/2016 21:55,SPR/DUN-SOUTH,23320,2401.9,4600,-9999
04/02/2016 21:55,TOTAL EAST,23314,3607.25,6500,-9999
04/02/2016 21:55,UPNY CONED,23315,2061.09,4150,-9999
04/02/2016 21:55,WEST CENTRAL,23312,1101.67,9999,-9999
04/02/2016 22:00,CENTRAL EAST - VC,23330,2180.55,2490,-9999
04/02/2016 22:00,DYSINGER EAST,23326,1481.22,3150,-9999
04/02/2016 22:00,MOSES SOUTH,23319,1079.68,2650,-1600
04/02/2016 22:00,SCH - HQ - NY,23324,911.03,1500,-1000
04/02/2016 22:00,SCH - HQ_CEDARS,325274,0,199,-100
04/02/2016 22:00,SCH - HQ_IMPORT_EXPORT,325376,652,1310,-9999
04/02/2016 22:00,SCH - NE - NY,23318,-645.3,1400,-1600
04/02/2016 22:00,SCH - NPX_1385,325277,88,200,-200
04/02/2016 22:00,SCH - NPX_CSC,325154,330,330,-330
04/02/2016 22:00,SCH - OH - NY,23317,1058.64,1900,-1900
04/02/2016 22:00,SCH - PJ - NY,23316,-51.31,2600,-1300
04/02/2016 22:00,SCH - PJM_HTP,325905,0,0,0
04/02/2016 22:00,SCH - PJM_NEPTUNE,325305,660,660,-660
04/02/2016 22:00,SCH - PJM_VFT,325658,151.97,315,-315
04/02/2016 22:00,SPR/DUN-SOUTH,23320,2271.67,4600,-9999
04/02/2016 22:00,TOTAL EAST,23314,3597.87,6500,-9999
04/02/2016 22:00,UPNY CONED,23315,1974.7,4150,-9999
04/02/2016 22:00,WEST CENTRAL,23312,1100.52,9999,-9999
04/02/2016 22:05,CENTRAL EAST - VC,23330,2322.34,2490,-9999
04/02/2016 22:05,DYSINGER EAST,23326,1530.53,3150,-9999
04/02/2016 22:05,MOSES SOUTH,23319,1145.48,2650,-1600
04/02/2016 22:05,SCH - HQ - NY,23324,946.03,1500,-1000
04/02/2016 22:05,SCH - HQ_CEDARS,325274,0,199,-100
04/02/2016 22:05,SCH - HQ_IMPORT_EXPORT,325376,687,1310,-9999
04/02/2016 22:05,SCH - NE - NY,23318,-702.81,1400,-1600
04/02/2016 22:05,SCH - NPX_1385,325277,88,200,-200
04/02/2016 22:05,SCH - NPX_CSC,325154,330.01,330,-330
04/02/2016 22:05,SCH - OH - NY,23317,1270.12,1900,-1900
04/02/2016 22:05,SCH - PJ - NY,23316,-105.04,2600,-1300
04/02/2016 22:05,SCH - PJM_HTP,325905,0,0,0
04/02/2016 22:05,SCH - PJM_NEPTUNE,325305,659.99,660,-660
04/02/2016 22:05,SCH - PJM_VFT,325658,151.98,315,-315
04/02/2016 22:05,SPR/DUN-SOUTH,23320,2414.45,4600,-9999
04/02/2016 22:05,TOTAL EAST,23314,3785.43,6500,-9999
04/02/2016 22:05,UPNY CONED,23315,2153.07,4150,-9999
04/02/2016 22:05,WEST CENTRAL,23312,1150.88,9999,-9999
04/02/2016 22:10,CENTRAL EAST - VC,23330,2291.04,2490,-9999
04/02/2016 22:10,DYSINGER EAST,23326,1512.86,3150,-9999
04/02/2016 22:10,MOSES SOUTH,23319,1169.34,2650,-1600
04/02/2016 22:10,SCH - HQ - NY,23324,946,1500,-1000
04/02/2016 22:10,SCH - HQ_CEDARS,325274,0,199,-100
04/02/2016 22:10,SCH - HQ_IMPORT_EXPORT,325376,687,1310,-9999
04/02/2016 22:10,SCH - NE - NY,23318,-702.91,1400,-1600
04/02/2016 22:10,SCH - NPX_1385,325277,88,200,-200
04/02/2016 22:10,SCH - NPX_CSC,325154,330,330,-330
04/02/2016 22:10,SCH - OH - NY,23317,1275.38,1900,-1900
04/02/2016 22:10,SCH - PJ - NY,23316,-109.74,2600,-1300
04/02/2016 22:10,SCH - PJM_HTP,325905,0,0,0
04/02/2016 22:10,SCH - PJM_NEPTUNE,325305,660,660,-660
04/02/2016 22:10,SCH - PJM_VFT,325658,152,315,-315
04/02/2016 22:10,SPR/DUN-SOUTH,23320,2368.81,4600,-9999
04/02/2016 22:10,TOTAL EAST,23314,3821.56,6500,-9999
04/02/2016 22:10,UPNY CONED,23315,2133.82,4150,-9999
04/02/2016 22:10,WEST CENTRAL,23312,1137.69,9999,-9999
04/02/2016 22:15,CENTRAL EAST - VC,23330,2343.15,2490,-9999
04/02/2016 22:15,DYSINGER EAST,23326,1574.65,3150,-9999
04/02/2016 22:15,MOSES SOUTH,23319,1206,2650,-1600
04/02/2016 22:15,SCH - HQ - NY,23324,946.02,1500,-1000
04/02/2016 22:15,SCH - HQ_CEDARS,325274,0,199,-100
04/02/2016 22:15,SCH - HQ_IMPORT_EXPORT,325376,687,1310,-9999
04/02/2016 22:15,SCH - NE - NY,23318,-752.97,1400,-1600
04/02/2016 22:15,SCH - NPX_1385,325277,88,200,-200
04/02/2016 22:15,SCH - NPX_CSC,325154,330,330,-330
04/02/2016 22:15,SCH - OH - NY,23317,1271.36,1900,-1900
04/02/2016 22:15,SCH - PJ - NY,23316,-105.55,2600,-1300
04/02/2016 22:15,SCH - PJM_HTP,325905,0,0,0
04/02/2016 22:15,SCH - PJM_NEPTUNE,325305,660,660,-660
04/02/2016 22:15,SCH - PJM_VFT,325658,151.98,315,-315
04/02/2016 22:15,SPR/DUN-SOUTH,23320,2342.27,4600,-9999
04/02/2016 22:15,TOTAL EAST,23314,3858.49,6500,-9999
04/02/2016 22:15,UPNY CONED,23315,2120.88,4150,-9999
04/02/2016 22:15,WEST CENTRAL,23312,1201.82,9999,-9999
04/02/2016 22:20,CENTRAL EAST - VC,23330,2359.58,2490,-9999
04/02/2016 22:20,DYSINGER EAST,23326,1569.68,3150,-9999
04/02/2016 22:20,MOSES SOUTH,23319,1231.9,2650,-1600
04/02/2016 22:20,SCH - HQ - NY,23324,945.99,1500,-1000
04/02/2016 22:20,SCH - HQ_CEDARS,325274,0,199,-100
04/02/2016 22:20,SCH - HQ_IMPORT_EXPORT,325376,687,1310,-9999
04/02/2016 22:20,SCH - NE - NY,23318,-802.68,1400,-1600
04/02/2016 22:20,SCH - NPX_1385,325277,88,200,-200
04/02/2016 22:20,SCH - NPX_CSC,325154,330,330,-330
04/02/2016 22:20,SCH - OH - NY,23317,1271.44,1900,-1900
04/02/2016 22:20,SCH - PJ - NY,23316,-107.19,2600,-1300
04/02/2016 22:20,SCH - PJM_HTP,325905,0,0,0
04/02/2016 22:20,SCH - PJM_NEPTUNE,325305,660,660,-660
04/02/2016 22:20,SCH - PJM_VFT,325658,152.01,315,-315
04/02/2016 22:20,SPR/DUN-SOUTH,23320,2337.66,4600,-9999
04/02/2016 22:20,TOTAL EAST,23314,3878.76,6500,-9999
04/02/2016 22:20,UPNY CONED,23315,2115.45,4150,-9999
04/02/2016 22:20,WEST CENTRAL,23312,1199.86,9999,-9999
04/02/2016 22:25,CENTRAL EAST - VC,23330,2370.75,2490,-9999
04/02/2016 22:25,DYSINGER EAST,23326,1601.24,3150,-9999
04/02/2016 22:25,MOSES SOUTH,23319,1262.4,2650,-1600
04/02/2016 22:25,SCH - HQ - NY,23324,946.03,1500,-1000
04/02/2016 22:25,SCH - HQ_CEDARS,325274,0,199,-100
04/02/2016 22:25,SCH - HQ_IMPORT_EXPORT,325376,687,1310,-9999
04/02/2016 22:25,SCH - NE - NY,23318,-802.61,1400,-1600
04/02/2016 22:25,SCH - NPX_1385,325277,88,200,-200
04/02/2016 22:25,SCH - NPX_CSC,325154,330.01,330,-330
04/02/2016 22:25,SCH - OH - NY,23317,1271.45,1900,-1900
04/02/2016 22:25,SCH - PJ - NY,23316,-107.22,2600,-1300
04/02/2016 22:25,SCH - PJM_HTP,325905,0,0,0
04/02/2016 22:25,SCH - PJM_NEPTUNE,325305,659.99,660,-660
04/02/2016 22:25,SCH - PJM_VFT,325658,151.98,315,-315
04/02/2016 22:25,SPR/DUN-SOUTH,23320,2376.78,4600,-9999
04/02/2016 22:25,TOTAL EAST,23314,3862.57,6500,-9999
04/02/2016 22:25,UPNY CONED,23315,2140.23,4150,-9999
04/02/2016 22:25,WEST CENTRAL,23312,1237.23,9999,-9999
04/02/2016 22:30,CENTRAL EAST - VC,23330,2362.45,2490,-9999
04/02/2016 22:30,DYSINGER EAST,23326,1577.05,3150,-9999
04/02/2016 22:30,MOSES SOUTH,23319,1260.53,2650,-1600
04/02/2016 22:30,SCH - HQ - NY,23324,946.02,1500,-1000
04/02/2016 22:30,SCH - HQ_CEDARS,325274,0,199,-100
04/02/2016 22:30,SCH - HQ_IMPORT_EXPORT,325376,687,1310,-9999
04/02/2016 22:30,SCH - NE - NY,23318,-802.75,1400,-1600
04/02/2016 22:30,SCH - NPX_1385,325277,88,200,-200
04/02/2016 22:30,SCH - NPX_CSC,325154,330,330,-330
04/02/2016 22:30,SCH - OH - NY,23317,1271.5,1900,-1900
04/02/2016 22:30,SCH - PJ - NY,23316,-105.74,2600,-1300
04/02/2016 22:30,SCH - PJM_HTP,325905,0,0,0
04/02/2016 22:30,SCH - PJM_NEPTUNE,325305,660,660,-660
04/02/2016 22:30,SCH - PJM_VFT,325658,151.98,315,-315
04/02/2016 22:30,SPR/DUN-SOUTH,23320,2327.83,4600,-9999
04/02/2016 22:30,TOTAL EAST,23314,3904.96,6500,-9999
04/02/2016 22:30,UPNY CONED,23315,2143,4150,-9999
04/02/2016 22:30,WEST CENTRAL,23312,1213.99,9999,-9999
04/02/2016 22:35,CENTRAL EAST - VC,23330,2364.24,2490,-9999
04/02/2016 22:35,DYSINGER EAST,23326,1592.68,3150,-9999
04/02/2016 22:35,MOSES SOUTH,23319,1291.45,2650,-1600
04/02/2016 22:35,SCH - HQ - NY,23324,946.02,1500,-1000
04/02/2016 22:35,SCH - HQ_CEDARS,325274,0,199,-100
04/02/2016 22:35,SCH - HQ_IMPORT_EXPORT,325376,687,1310,-9999
04/02/2016 22:35,SCH - NE - NY,23318,-802.87,1400,-1600
04/02/2016 22:35,SCH - NPX_1385,325277,88,200,-200
04/02/2016 22:35,SCH - NPX_CSC,325154,330,330,-330
04/02/2016 22:35,SCH - OH - NY,23317,1271.81,1900,-1900
04/02/2016 22:35,SCH - PJ - NY,23316,-107.38,2600,-1300
04/02/2016 22:35,SCH - PJM_HTP,325905,0,0,0
04/02/2016 22:35,SCH - PJM_NEPTUNE,325305,660,660,-660
04/02/2016 22:35,SCH - PJM_VFT,325658,151.99,315,-315
04/02/2016 22:35,SPR/DUN-SOUTH,23320,2306.55,4600,-9999
04/02/2016 22:35,TOTAL EAST,23314,3906.15,6500,-9999
04/02/2016 22:35,UPNY CONED,23315,2130.76,4150,-9999
04/02/2016 22:35,WEST CENTRAL,23312,1236.43,9999,-9999
04/02/2016 22:40,CENTRAL EAST - VC,23330,2389.25,2490,-9999
04/02/2016 22:40,DYSINGER EAST,23326,1681.41,3150,-9999
04/02/2016 22:40,MOSES SOUTH,23319,1282.33,2650,-1600
04/02/2016 22:40,SCH - HQ - NY,23324,946.02,1500,-1000
04/02/2016 22:40,SCH - HQ_CEDARS,325274,0,199,-100
04/02/2016 22:40,SCH - HQ_IMPORT_EXPORT,325376,687,1310,-9999
04/02/2016 22:40,SCH - NE - NY,23318,-802.61,1400,-1600
04/02/2016 22:40,SCH - NPX_1385,325277,88,200,-200
04/02/2016 22:40,SCH - NPX_CSC,325154,330,330,-330
04/02/2016 22:40,SCH - OH - NY,23317,1272.31,1900,-1900
04/02/2016 22:40,SCH - PJ - NY,23316,-108.08,2600,-1300
04/02/2016 22:40,SCH - PJM_HTP,325905,0,0,0
04/02/2016 22:40,SCH - PJM_NEPTUNE,325305,660,660,-660
04/02/2016 22:40,SCH - PJM_VFT,325658,151.98,315,-315
04/02/2016 22:40,SPR/DUN-SOUTH,23320,2343.28,4600,-9999
04/02/2016 22:40,TOTAL EAST,23314,3831.07,6500,-9999
04/02/2016 22:40,UPNY CONED,23315,2149.29,4150,-9999
04/02/2016 22:40,WEST CENTRAL,23312,1326.72,9999,-9999
04/02/2016 22:45,CENTRAL EAST - VC,23330,2388.58,2490,-9999
04/02/2016 22:45,DYSINGER EAST,23326,1652.25,3150,-9999
04/02/2016 22:45,MOSES SOUTH,23319,1273.04,2650,-1600
04/02/2016 22:45,SCH - HQ - NY,23324,946.02,1500,-1000
04/02/2016 22:45,SCH - HQ_CEDARS,325274,0,199,-100
04/02/2016 22:45,SCH - HQ_IMPORT_EXPORT,325376,687,1310,-9999
04/02/2016 22:45,SCH - NE - NY,23318,-772.77,1400,-1600
04/02/2016 22:45,SCH - NPX_1385,325277,88,200,-200
04/02/2016 22:45,SCH - NPX_CSC,325154,330,330,-330
04/02/2016 22:45,SCH - OH - NY,23317,1272.21,1900,-1900
04/02/2016 22:45,SCH - PJ - NY,23316,-182.72,2600,-1300
04/02/2016 22:45,SCH - PJM_HTP,325905,0,0,0
04/02/2016 22:45,SCH - PJM_NEPTUNE,325305,660,660,-660
04/02/2016 22:45,SCH - PJM_VFT,325658,151.98,315,-315
04/02/2016 22:45,SPR/DUN-SOUTH,23320,2334.23,4600,-9999
04/02/2016 22:45,TOTAL EAST,23314,3786.06,6500,-9999
04/02/2016 22:45,UPNY CONED,23315,2133.39,4150,-9999
04/02/2016 22:45,WEST CENTRAL,23312,1303.7,9999,-9999
04/02/2016 22:50,CENTRAL EAST - VC,23330,2391.93,2490,-9999
04/02/2016 22:50,DYSINGER EAST,23326,1705.1,3150,-9999
04/02/2016 22:50,MOSES SOUTH,23319,1261.68,2650,-1600
04/02/2016 22:50,SCH - HQ - NY,23324,946.01,1500,-1000
04/02/2016 22:50,SCH - HQ_CEDARS,325274,0,199,-100
04/02/2016 22:50,SCH - HQ_IMPORT_EXPORT,325376,687,1310,-9999
04/02/2016 22:50,SCH - NE - NY,23318,-743.85,1400,-1600
04/02/2016 22:50,SCH - NPX_1385,325277,88,200,-200
04/02/2016 22:50,SCH - NPX_CSC,325154,330,330,-330
04/02/2016 22:50,SCH - OH - NY,23317,1272.07,1900,-1900
04/02/2016 22:50,SCH - PJ - NY,23316,-252.82,2600,-1300
04/02/2016 22:50,SCH - PJM_HTP,325905,0,0,0
04/02/2016 22:50,SCH - PJM_NEPTUNE,325305,660,660,-660
04/02/2016 22:50,SCH - PJM_VFT,325658,151.99,315,-315
04/02/2016 22:50,SPR/DUN-SOUTH,23320,2366.88,4600,-9999
04/02/2016 22:50,TOTAL EAST,23314,3779.34,6500,-9999
04/02/2016 22:50,UPNY CONED,23315,2175.18,4150,-9999
04/02/2016 22:50,WEST CENTRAL,23312,1359.91,9999,-9999
04/02/2016 22:55,CENTRAL EAST - VC,23330,2389.97,2490,-9999
04/02/2016 22:55,DYSINGER EAST,23326,1689.41,3150,-9999
04/02/2016 22:55,MOSES SOUTH,23319,1262.84,2650,-1600
04/02/2016 22:55,SCH - HQ - NY,23324,946.02,1500,-1000
04/02/2016 22:55,SCH - HQ_CEDARS,325274,0,199,-100
04/02/2016 22:55,SCH - HQ_IMPORT_EXPORT,325376,687,1310,-9999
04/02/2016 22:55,SCH - NE - NY,23318,-743.84,1400,-1600
04/02/2016 22:55,SCH - NPX_1385,325277,88,200,-200
04/02/2016 22:55,SCH - NPX_CSC,325154,330,330,-330
04/02/2016 22:55,SCH - OH - NY,23317,1272.14,1900,-1900
04/02/2016 22:55,SCH - PJ - NY,23316,-255.69,2600,-1300
04/02/2016 22:55,SCH - PJM_HTP,325905,0,0,0
04/02/2016 22:55,SCH - PJM_NEPTUNE,325305,660,660,-660
04/02/2016 22:55,SCH - PJM_VFT,325658,151.99,315,-315
04/02/2016 22:55,SPR/DUN-SOUTH,23320,2403.44,4600,-9999
04/02/2016 22:55,TOTAL EAST,23314,3760.95,6500,-9999
04/02/2016 22:55,UPNY CONED,23315,2211.45,4150,-9999
04/02/2016 22:55,WEST CENTRAL,23312,1353.05,9999,-9999
04/02/2016 23:00,CENTRAL EAST - VC,23330,2275.79,2490,-9999
04/02/2016 23:00,DYSINGER EAST,23326,1541.9,3150,-9999
04/02/2016 23:00,MOSES SOUTH,23319,1223.49,2650,-1600
04/02/2016 23:00,SCH - HQ - NY,23324,899.03,1500,-1000
04/02/2016 23:00,SCH - HQ_CEDARS,325274,0,199,-100
04/02/2016 23:00,SCH - HQ_IMPORT_EXPORT,325376,640,1310,-9999
04/02/2016 23:00,SCH - NE - NY,23318,-701.18,1400,-1600
04/02/2016 23:00,SCH - NPX_1385,325277,82,200,-200
04/02/2016 23:00,SCH - NPX_CSC,325154,330.01,330,-330
04/02/2016 23:00,SCH - OH - NY,23317,1283.94,1900,-1900
04/02/2016 23:00,SCH - PJ - NY,23316,-151.1,2600,-1300
04/02/2016 23:00,SCH - PJM_HTP,325905,0,0,0
04/02/2016 23:00,SCH - PJM_NEPTUNE,325305,659.99,660,-660
04/02/2016 23:00,SCH - PJM_VFT,325658,88.97,315,-315
04/02/2016 23:00,SPR/DUN-SOUTH,23320,2369.09,4600,-9999
04/02/2016 23:00,TOTAL EAST,23314,3727.06,6500,-9999
04/02/2016 23:00,UPNY CONED,23315,2202.76,4150,-9999
04/02/2016 23:00,WEST CENTRAL,23312,1220.59,9999,-9999
04/02/2016 23:05,CENTRAL EAST - VC,23330,2262.12,2490,-9999
04/02/2016 23:05,DYSINGER EAST,23326,1515.01,3150,-9999
04/02/2016 23:05,MOSES SOUTH,23319,1158.16,2650,-1600
04/02/2016 23:05,SCH - HQ - NY,23324,852.03,1500,-1000
04/02/2016 23:05,SCH - HQ_CEDARS,325274,0,199,-100
04/02/2016 23:05,SCH - HQ_IMPORT_EXPORT,325376,593,1310,-9999
04/02/2016 23:05,SCH - NE - NY,23318,-659.28,1400,-1600
04/02/2016 23:05,SCH - NPX_1385,325277,76,200,-200
04/02/2016 23:05,SCH - NPX_CSC,325154,330,330,-330
04/02/2016 23:05,SCH - OH - NY,23317,1296.57,1900,-1900
04/02/2016 23:05,SCH - PJ - NY,23316,-41.5,2600,-1300
04/02/2016 23:05,SCH - PJM_HTP,325905,0,0,0
04/02/2016 23:05,SCH - PJM_NEPTUNE,325305,660,660,-660
04/02/2016 23:05,SCH - PJM_VFT,325658,24.97,315,-315
04/02/2016 23:05,SPR/DUN-SOUTH,23320,2418.67,4600,-9999
04/02/2016 23:05,TOTAL EAST,23314,3757.53,6500,-9999
04/02/2016 23:05,UPNY CONED,23315,2281.63,4150,-9999
04/02/2016 23:05,WEST CENTRAL,23312,1198.18,9999,-9999
04/02/2016 23:10,CENTRAL EAST - VC,23330,2289.25,2490,-9999
04/02/2016 23:10,DYSINGER EAST,23326,1579.97,3150,-9999
04/02/2016 23:10,MOSES SOUTH,23319,1177.02,2650,-1600
04/02/2016 23:10,SCH - HQ - NY,23324,852.01,1500,-1000
04/02/2016 23:10,SCH - HQ_CEDARS,325274,0,199,-100
04/02/2016 23:10,SCH - HQ_IMPORT_EXPORT,325376,593,1310,-9999
04/02/2016 23:10,SCH - NE - NY,23318,-659.08,1400,-1600
04/02/2016 23:10,SCH - NPX_1385,325277,76,200,-200
04/02/2016 23:10,SCH - NPX_CSC,325154,330,330,-330
04/02/2016 23:10,SCH - OH - NY,23317,1297,1900,-1900
04/02/2016 23:10,SCH - PJ - NY,23316,-41.32,2600,-1300
04/02/2016 23:10,SCH - PJM_HTP,325905,0,0,0
04/02/2016 23:10,SCH - PJM_NEPTUNE,325305,660,660,-660
04/02/2016 23:10,SCH - PJM_VFT,325658,24.98,315,-315
04/02/2016 23:10,SPR/DUN-SOUTH,23320,2398.9,4600,-9999
04/02/2016 23:10,TOTAL EAST,23314,3750.94,6500,-9999
04/02/2016 23:10,UPNY CONED,23315,2263.88,4150,-9999
04/02/2016 23:10,WEST CENTRAL,23312,1259.63,9999,-9999
04/02/2016 23:15,CENTRAL EAST - VC,23330,2319.36,2490,-9999
04/02/2016 23:15,DYSINGER EAST,23326,1604.65,3150,-9999
04/02/2016 23:15,MOSES SOUTH,23319,1155.67,2650,-1600
04/02/2016 23:15,SCH - HQ - NY,23324,852.01,1500,-1000
04/02/2016 23:15,SCH - HQ_CEDARS,325274,0,199,-100
04/02/2016 23:15,SCH - HQ_IMPORT_EXPORT,325376,593,1310,-9999
04/02/2016 23:15,SCH - NE - NY,23318,-626.99,1400,-1600
04/02/2016 23:15,SCH - NPX_1385,325277,76,200,-200
04/02/2016 23:15,SCH - NPX_CSC,325154,330,330,-330
04/02/2016 23:15,SCH - OH - NY,23317,1297.34,1900,-1900
04/02/2016 23:15,SCH - PJ - NY,23316,-106.09,2600,-1300
04/02/2016 23:15,SCH - PJM_HTP,325905,0,0,0
04/02/2016 23:15,SCH - PJM_NEPTUNE,325305,660,660,-660
04/02/2016 23:15,SCH - PJM_VFT,325658,24.99,315,-315
04/02/2016 23:15,SPR/DUN-SOUTH,23320,2403.23,4600,-9999
04/02/2016 23:15,TOTAL EAST,23314,3722.41,6500,-9999
04/02/2016 23:15,UPNY CONED,23315,2274.04,4150,-9999
04/02/2016 23:15,WEST CENTRAL,23312,1285.38,9999,-9999
04/02/2016 23:20,CENTRAL EAST - VC,23330,2276.46,2490,-9999
04/02/2016 23:20,DYSINGER EAST,23326,1533.17,3150,-9999
04/02/2016 23:20,MOSES SOUTH,23319,1159.26,2650,-1600
04/02/2016 23:20,SCH - HQ - NY,23324,852,1500,-1000
04/02/2016 23:20,SCH - HQ_CEDARS,325274,0,199,-100
04/02/2016 23:20,SCH - HQ_IMPORT_EXPORT,325376,593,1310,-9999
04/02/2016 23:20,SCH - NE - NY,23318,-595.21,1400,-1600
04/02/2016 23:20,SCH - NPX_1385,325277,76,200,-200
04/02/2016 23:20,SCH - NPX_CSC,325154,330,330,-330
04/02/2016 23:20,SCH - OH - NY,23317,1302.13,1900,-1900
04/02/2016 23:20,SCH - PJ - NY,23316,-174.83,2600,-1300
04/02/2016 23:20,SCH - PJM_HTP,325905,0,0,0
04/02/2016 23:20,SCH - PJM_NEPTUNE,325305,660,660,-660
04/02/2016 23:20,SCH - PJM_VFT,325658,25,315,-315
04/02/2016 23:20,SPR/DUN-SOUTH,23320,2380.44,4600,-9999
04/02/2016 23:20,TOTAL EAST,23314,3650.46,6500,-9999
04/02/2016 23:20,UPNY CONED,23315,2242.57,4150,-9999
04/02/2016 23:20,WEST CENTRAL,23312,1208.71,9999,-9999
04/02/2016 23:25,CENTRAL EAST - VC,23330,2232.09,2490,-9999
04/02/2016 23:25,DYSINGER EAST,23326,1408.66,3150,-9999
04/02/2016 23:25,MOSES SOUTH,23319,1166.82,2650,-1600
04/02/2016 23:25,SCH - HQ - NY,23324,852,1500,-1000
04/02/2016 23:25,SCH - HQ_CEDARS,325274,0,199,-100
04/02/2016 23:25,SCH - HQ_IMPORT_EXPORT,325376,593,1310,-9999
04/02/2016 23:25,SCH - NE - NY,23318,-595.15,1400,-1600
04/02/2016 23:25,SCH - NPX_1385,325277,76,200,-200
04/02/2016 23:25,SCH - NPX_CSC,325154,330,330,-330
04/02/2016 23:25,SCH - OH - NY,23317,1302.04,1900,-1900
04/02/2016 23:25,SCH - PJ - NY,23316,-175.59,2600,-1300
04/02/2016 23:25,SCH - PJM_HTP,325905,0,0,0
04/02/2016 23:25,SCH - PJM_NEPTUNE,325305,660,660,-660
04/02/2016 23:25,SCH - PJM_VFT,325658,25,315,-315
04/02/2016 23:25,SPR/DUN-SOUTH,23320,2365.22,4600,-9999
04/02/2016 23:25,TOTAL EAST,23314,3605.63,6500,-9999
04/02/2016 23:25,UPNY CONED,23315,2214.64,4150,-9999
04/02/2016 23:25,WEST CENTRAL,23312,1095.96,9999,-9999
04/02/2016 23:30,CENTRAL EAST - VC,23330,2281.95,2490,-9999
04/02/2016 23:30,DYSINGER EAST,23326,1414.85,3150,-9999
04/02/2016 23:30,MOSES SOUTH,23319,1176.49,2650,-1600
04/02/2016 23:30,SCH - HQ - NY,23324,852.02,1500,-1000
04/02/2016 23:30,SCH - HQ_CEDARS,325274,0,199,-100
04/02/2016 23:30,SCH - HQ_IMPORT_EXPORT,325376,593,1310,-9999
04/02/2016 23:30,SCH - NE - NY,23318,-594.88,1400,-1600
04/02/2016 23:30,SCH - NPX_1385,325277,76,200,-200
04/02/2016 23:30,SCH - NPX_CSC,325154,330.01,330,-330
04/02/2016 23:30,SCH - OH - NY,23317,1297.16,1900,-1900
04/02/2016 23:30,SCH - PJ - NY,23316,-174.06,2600,-1300
04/02/2016 23:30,SCH - PJM_HTP,325905,0,0,0
04/02/2016 23:30,SCH - PJM_NEPTUNE,325305,659.99,660,-660
04/02/2016 23:30,SCH - PJM_VFT,325658,24.98,315,-315
04/02/2016 23:30,SPR/DUN-SOUTH,23320,2398.5,4600,-9999
04/02/2016 23:30,TOTAL EAST,23314,3592.84,6500,-9999
04/02/2016 23:30,UPNY CONED,23315,2248.36,4150,-9999
04/02/2016 23:30,WEST CENTRAL,23312,1104.5,9999,-9999
04/02/2016 23:35,CENTRAL EAST - VC,23330,2278.22,2490,-9999
04/02/2016 23:35,DYSINGER EAST,23326,1373.03,3150,-9999
04/02/2016 23:35,MOSES SOUTH,23319,1160.34,2650,-1600
04/02/2016 23:35,SCH - HQ - NY,23324,852.02,1500,-1000
04/02/2016 23:35,SCH - HQ_CEDARS,325274,0,199,-100
04/02/2016 23:35,SCH - HQ_IMPORT_EXPORT,325376,593,1310,-9999
04/02/2016 23:35,SCH - NE - NY,23318,-594.73,1400,-1600
04/02/2016 23:35,SCH - NPX_1385,325277,76,200,-200
04/02/2016 23:35,SCH - NPX_CSC,325154,330,330,-330
04/02/2016 23:35,SCH - OH - NY,23317,1297.12,1900,-1900
04/02/2016 23:35,SCH - PJ - NY,23316,-177.47,2600,-1300
04/02/2016 23:35,SCH - PJM_HTP,325905,0,0,0
04/02/2016 23:35,SCH - PJM_NEPTUNE,325305,660,660,-660
04/02/2016 23:35,SCH - PJM_VFT,325658,24.98,315,-315
04/02/2016 23:35,SPR/DUN-SOUTH,23320,2404.31,4600,-9999
04/02/2016 23:35,TOTAL EAST,23314,3572.31,6500,-9999
04/02/2016 23:35,UPNY CONED,23315,2247,4150,-9999
04/02/2016 23:35,WEST CENTRAL,23312,1064.98,9999,-9999
04/02/2016 23:40,CENTRAL EAST - VC,23330,2265.56,2490,-9999
04/02/2016 23:40,DYSINGER EAST,23326,1335.29,3150,-9999
04/02/2016 23:40,MOSES SOUTH,23319,1146.83,2650,-1600
04/02/2016 23:40,SCH - HQ - NY,23324,852.02,1500,-1000
04/02/2016 23:40,SCH - HQ_CEDARS,325274,0,199,-100
04/02/2016 23:40,SCH - HQ_IMPORT_EXPORT,325376,593,1310,-9999
04/02/2016 23:40,SCH - NE - NY,23318,-594.51,1400,-1600
04/02/2016 23:40,SCH - NPX_1385,325277,76,200,-200
04/02/2016 23:40,SCH - NPX_CSC,325154,330.01,330,-330
04/02/2016 23:40,SCH - OH - NY,23317,1297.22,1900,-1900
04/02/2016 23:40,SCH - PJ - NY,23316,-178.82,2600,-1300
04/02/2016 23:40,SCH - PJM_HTP,325905,0,0,0
04/02/2016 23:40,SCH - PJM_NEPTUNE,325305,659.99,660,-660
04/02/2016 23:40,SCH - PJM_VFT,325658,24.97,315,-315
04/02/2016 23:40,SPR/DUN-SOUTH,23320,2395.57,4600,-9999
04/02/2016 23:40,TOTAL EAST,23314,3520.49,6500,-9999
04/02/2016 23:40,UPNY CONED,23315,2217.53,4150,-9999
04/02/2016 23:40,WEST CENTRAL,23312,1031.26,9999,-9999
04/02/2016 23:45,CENTRAL EAST - VC,23330,2202.96,2490,-9999
04/02/2016 23:45,DYSINGER EAST,23326,1227.84,3150,-9999
04/02/2016 23:45,MOSES SOUTH,23319,1132.62,2650,-1600
04/02/2016 23:45,SCH - HQ - NY,23324,852,1500,-1000
04/02/2016 23:45,SCH - HQ_CEDARS,325274,0,199,-100
04/02/2016 23:45,SCH - HQ_IMPORT_EXPORT,325376,593,1310,-9999
04/02/2016 23:45,SCH - NE - NY,23318,-656.8,1400,-1600
04/02/2016 23:45,SCH - NPX_1385,325277,76,200,-200
04/02/2016 23:45,SCH - NPX_CSC,325154,330,330,-330
04/02/2016 23:45,SCH - OH - NY,23317,1301.99,1900,-1900
04/02/2016 23:45,SCH - PJ - NY,23316,-214.61,2600,-1300
04/02/2016 23:45,SCH - PJM_HTP,325905,0,0,0
04/02/2016 23:45,SCH - PJM_NEPTUNE,325305,660,660,-660
04/02/2016 23:45,SCH - PJM_VFT,325658,25,315,-315
04/02/2016 23:45,SPR/DUN-SOUTH,23320,2292.35,4600,-9999
04/02/2016 23:45,TOTAL EAST,23314,3513.46,6500,-9999
04/02/2016 23:45,UPNY CONED,23315,2093.72,4150,-9999
04/02/2016 23:45,WEST CENTRAL,23312,929.68,9999,-9999
04/02/2016 23:50,CENTRAL EAST - VC,23330,2256.47,2490,-9999
04/02/2016 23:50,DYSINGER EAST,23326,1266.05,3150,-9999
04/02/2016 23:50,MOSES SOUTH,23319,1137.24,2650,-1600
04/02/2016 23:50,SCH - HQ - NY,23324,852.06,1500,-1000
04/02/2016 23:50,SCH - HQ_CEDARS,325274,0,199,-100
04/02/2016 23:50,SCH - HQ_IMPORT_EXPORT,325376,593.05,1310,-9999
04/02/2016 23:50,SCH - NE - NY,23318,-718.2,1400,-1600
04/02/2016 23:50,SCH - NPX_1385,325277,76,200,-200
04/02/2016 23:50,SCH - NPX_CSC,325154,330.01,330,-330
04/02/2016 23:50,SCH - OH - NY,23317,1297.3,1900,-1900
04/02/2016 23:50,SCH - PJ - NY,23316,-243.66,2600,-1300
04/02/2016 23:50,SCH - PJM_HTP,325905,0,0,0
04/02/2016 23:50,SCH - PJM_NEPTUNE,325305,659.99,660,-660
04/02/2016 23:50,SCH - PJM_VFT,325658,24.98,315,-315
04/02/2016 23:50,SPR/DUN-SOUTH,23320,2331.36,4600,-9999
04/02/2016 23:50,TOTAL EAST,23314,3493.06,6500,-9999
04/02/2016 23:50,UPNY CONED,23315,2086.5,4150,-9999
04/02/2016 23:50,WEST CENTRAL,23312,971.27,9999,-9999
04/02/2016 23:55,CENTRAL EAST - VC,23330,2225.99,2490,-9999
04/02/2016 23:55,DYSINGER EAST,23326,1221.3,3150,-9999
04/02/2016 23:55,MOSES SOUTH,23319,1142.58,2650,-1600
04/02/2016 23:55,SCH - HQ - NY,23324,852.05,1500,-1000
04/02/2016 23:55,SCH - HQ_CEDARS,325274,0,199,-100
04/02/2016 23:55,SCH - HQ_IMPORT_EXPORT,325376,593.04,1310,-9999
04/02/2016 23:55,SCH - NE - NY,23318,-718.18,1400,-1600
04/02/2016 23:55,SCH - NPX_1385,325277,76,200,-200
04/02/2016 23:55,SCH - NPX_CSC,325154,330.01,330,-330
04/02/2016 23:55,SCH - OH - NY,23317,1297.4,1900,-1900
04/02/2016 23:55,SCH - PJ - NY,23316,-241.94,2600,-1300
04/02/2016 23:55,SCH - PJM_HTP,325905,0,0,0
04/02/2016 23:55,SCH - PJM_NEPTUNE,325305,659.99,660,-660
04/02/2016 23:55,SCH - PJM_VFT,325658,24.98,315,-315
04/02/2016 23:55,SPR/DUN-SOUTH,23320,2287.1,4600,-9999
04/02/2016 23:55,TOTAL EAST,23314,3470.37,6500,-9999
04/02/2016 23:55,UPNY CONED,23315,2013.13,4150,-9999
04/02/2016 23:55,WEST CENTRAL,23312,934.8,9999,-9999
